CROSS1MUT22,0.826206896552
[0.85999999999999999, 0.92000000000000004, 0.91000000000000003, 0.92000000000000004, 1.0, 1.0, 0.96999999999999997, 0.95999999999999996, 0.89000000000000001, 0.93000000000000005, 0.90000000000000002, 0.91000000000000003, 0.93999999999999995, 0.90000000000000002, 0.88, 0.92000000000000004, 0.92000000000000004, 0.83999999999999997, 0.68000000000000005, 0.44, 0.47999999999999998, 0.73999999999999999, 0.56000000000000005, 0.59999999999999998, 0.69999999999999996, 0.62, 0.94999999999999996, 0.71999999999999997, 0.55000000000000004, 0.65000000000000002, 0.48999999999999999, 0.72999999999999998, 0.81999999999999995, 0.76000000000000001, 0.80000000000000004, 0.46000000000000002, 0.63, 0.52000000000000002, 0.070000000000000007, 0.38, 1.0, 1.0, 1.0, 1.0, 1.0, 1.0, 1.0, 1.0, 1.0, 1.0, 1.0, 1.0, 1.0, 1.0, 1.0, 1.0, 1.0, 1.0]
CROSS1MUT23,0.836052631579
[0.84999999999999998, 0.91000000000000003, 1.0, 0.94999999999999996, 0.92000000000000004, 0.83999999999999997, 0.93000000000000005, 0.91000000000000003, 0.91000000000000003, 0.92000000000000004, 0.90000000000000002, 0.93999999999999995, 0.56000000000000005, 0.53000000000000003, 0.42999999999999999, 0.64000000000000001, 0.65000000000000002, 0.83999999999999997, 0.67000000000000004, 0.73999999999999999, 0.77000000000000002, 0.68000000000000005, 0.63, 0.72999999999999998, 0.73999999999999999, 0.17999999999999999, 1.0, 1.0, 1.0, 1.0, 1.0, 1.0, 1.0, 1.0, 1.0, 1.0, 1.0, 1.0]
CROSS1MUT24,0.848928571429
[0.89000000000000001, 1.0, 1.0, 1.0, 0.88, 0.93999999999999995, 0.87, 0.96999999999999997, 0.64000000000000001, 0.52000000000000002, 0.53000000000000003, 0.68000000000000005, 0.73999999999999999, 0.84999999999999998, 0.71999999999999997, 0.66000000000000003, 0.59999999999999998, 1.0, 0.51000000000000001, 0.79000000000000004, 0.97999999999999998, 1.0, 1.0, 1.0, 1.0, 1.0, 1.0, 1.0]
Comparison2:0.809827586207
[0.90000000000000002, 0.87, 0.87, 0.89000000000000001, 0.94999999999999996, 1.0, 1.0, 1.0, 1.0, 1.0, 1.0, 1.0, 1.0, 1.0, 1.0, 1.0, 1.0, 1.0, 1.0, 0.52000000000000002, 0.45000000000000001, 0.38, 0.52000000000000002, 0.47999999999999998, 0.47999999999999998, 0.48999999999999999, 0.44, 0.51000000000000001, 0.55000000000000004, 0.42999999999999999, 0.51000000000000001, 0.40999999999999998, 0.56000000000000005, 0.52000000000000002, 0.62, 0.56999999999999995, 0.56000000000000005, 0.59999999999999998, 0.51000000000000001, 0.85999999999999999, 0.89000000000000001, 0.87, 0.81000000000000005, 1.0, 1.0, 1.0, 0.94999999999999996, 1.0, 1.0, 1.0, 1.0, 1.0, 1.0, 1.0, 1.0, 1.0, 1.0, 1.0]
Comparison3:0.808157894737
[0.88, 0.89000000000000001, 0.92000000000000004, 1.0, 1.0, 1.0, 1.0, 1.0, 1.0, 1.0, 1.0, 1.0, 1.0, 0.44, 0.39000000000000001, 0.34999999999999998, 0.44, 0.47999999999999998, 0.46000000000000002, 0.46999999999999997, 0.59999999999999998, 0.59999999999999998, 0.46000000000000002, 0.56999999999999995, 0.56999999999999995, 0.52000000000000002, 0.89000000000000001, 0.91000000000000003, 0.92000000000000004, 0.98999999999999999, 0.95999999999999996, 1.0, 1.0, 1.0, 1.0, 1.0, 1.0, 1.0]
Comparison4:0.800357142857
[0.88, 0.93999999999999995, 1.0, 1.0, 1.0, 1.0, 1.0, 1.0, 1.0, 0.54000000000000004, 0.34000000000000002, 0.41999999999999998, 0.40999999999999998, 0.5, 0.54000000000000004, 0.54000000000000004, 0.5, 0.53000000000000003, 0.55000000000000004, 0.92000000000000004, 0.83999999999999997, 0.95999999999999996, 1.0, 1.0, 1.0, 1.0, 1.0, 1.0]
