CROSS1MUT22,0.845862068966
[0.94999999999999996, 0.87, 0.91000000000000003, 0.93000000000000005, 1.0, 0.93999999999999995, 0.96999999999999997, 0.96999999999999997, 0.85999999999999999, 0.92000000000000004, 0.88, 0.90000000000000002, 0.95999999999999996, 0.92000000000000004, 0.87, 0.92000000000000004, 0.93000000000000005, 0.94999999999999996, 0.62, 0.51000000000000001, 0.56000000000000005, 0.60999999999999999, 0.63, 0.66000000000000003, 0.80000000000000004, 0.57999999999999996, 0.87, 0.69999999999999996, 0.71999999999999997, 0.71999999999999997, 0.52000000000000002, 0.80000000000000004, 0.54000000000000004, 0.88, 0.66000000000000003, 0.79000000000000004, 0.66000000000000003, 0.62, 0.040000000000000001, 1.0, 1.0, 1.0, 1.0, 1.0, 1.0, 1.0, 1.0, 1.0, 1.0, 1.0, 0.94999999999999996, 0.96999999999999997, 1.0, 1.0, 1.0, 1.0, 1.0, 1.0]
CROSS1MUT23,0.827368421053
[0.89000000000000001, 0.93999999999999995, 1.0, 1.0, 1.0, 0.80000000000000004, 0.77000000000000002, 0.91000000000000003, 0.92000000000000004, 0.87, 0.95999999999999996, 0.83999999999999997, 0.48999999999999999, 0.48999999999999999, 0.70999999999999996, 0.85999999999999999, 0.52000000000000002, 0.76000000000000001, 0.46999999999999997, 0.55000000000000004, 0.78000000000000003, 0.83999999999999997, 0.72999999999999998, 0.68000000000000005, 0.55000000000000004, 0.17999999999999999, 1.0, 1.0, 1.0, 1.0, 1.0, 1.0, 1.0, 0.96999999999999997, 1.0, 0.95999999999999996, 1.0, 1.0]
CROSS1MUT24,0.823928571429
[0.85999999999999999, 1.0, 1.0, 0.97999999999999998, 0.80000000000000004, 0.91000000000000003, 0.91000000000000003, 0.88, 0.59999999999999998, 0.41999999999999998, 0.57999999999999996, 0.65000000000000002, 0.96999999999999997, 0.60999999999999999, 0.67000000000000004, 0.93999999999999995, 0.45000000000000001, 0.84999999999999998, 0.050000000000000003, 0.95999999999999996, 0.97999999999999998, 1.0, 1.0, 1.0, 1.0, 1.0, 1.0, 1.0]
Comparison2:0.800172413793
[0.93999999999999995, 0.85999999999999999, 0.87, 0.91000000000000003, 0.95999999999999996, 1.0, 1.0, 1.0, 1.0, 1.0, 1.0, 1.0, 1.0, 1.0, 1.0, 1.0, 1.0, 1.0, 1.0, 0.46000000000000002, 0.39000000000000001, 0.45000000000000001, 0.39000000000000001, 0.40000000000000002, 0.40000000000000002, 0.41999999999999998, 0.44, 0.40999999999999998, 0.54000000000000004, 0.45000000000000001, 0.41999999999999998, 0.46000000000000002, 0.56000000000000005, 0.46999999999999997, 0.58999999999999997, 0.54000000000000004, 0.52000000000000002, 0.56999999999999995, 0.53000000000000003, 0.89000000000000001, 0.82999999999999996, 0.88, 0.91000000000000003, 1.0, 1.0, 1.0, 0.94999999999999996, 1.0, 1.0, 1.0, 1.0, 1.0, 1.0, 1.0, 1.0, 1.0, 1.0, 1.0]
Comparison3:0.814210526316
[0.87, 0.90000000000000002, 0.91000000000000003, 1.0, 1.0, 1.0, 1.0, 1.0, 1.0, 1.0, 1.0, 1.0, 1.0, 0.51000000000000001, 0.40000000000000002, 0.39000000000000001, 0.42999999999999999, 0.42999999999999999, 0.52000000000000002, 0.62, 0.56999999999999995, 0.52000000000000002, 0.63, 0.55000000000000004, 0.51000000000000001, 0.52000000000000002, 0.89000000000000001, 0.94999999999999996, 0.87, 0.98999999999999999, 0.95999999999999996, 1.0, 1.0, 1.0, 1.0, 1.0, 1.0, 1.0]
Comparison4:0.798214285714
[0.89000000000000001, 0.85999999999999999, 1.0, 1.0, 1.0, 1.0, 1.0, 1.0, 1.0, 0.52000000000000002, 0.52000000000000002, 0.34999999999999998, 0.44, 0.45000000000000001, 0.53000000000000003, 0.48999999999999999, 0.44, 0.55000000000000004, 0.56999999999999995, 0.90000000000000002, 0.83999999999999997, 1.0, 1.0, 1.0, 1.0, 1.0, 1.0, 1.0]
