CROSS1MUT12,0.793103448276
[1.0, 1.0, 0.5, 0.5, 1.0, 1.0, 1.0, 1.0, 1.0, 1.0, 1.0, 1.0, 1.0, 1.0, 0.5, 1.0, 1.0, 0.5, 1.0, 0.5, 1.0, 1.0, 0.5, 0.0, 0.5, 0.5, 1.0, 1.0, 1.0, 0.0, 0.5, 0.5, 0.5, 0.5, 0.5, 1.0, 0.0, 0.5, 0.0, 0.0, 1.0, 1.0, 1.0, 1.0, 1.0, 1.0, 1.0, 1.0, 1.0, 1.0, 1.0, 1.0, 1.0, 1.0, 1.0, 1.0, 1.0, 1.0]
CROSS1MUT13,0.789473684211
[0.66666666666666663, 0.66666666666666663, 1.0, 1.0, 1.0, 1.0, 1.0, 1.0, 0.66666666666666663, 1.0, 1.0, 0.66666666666666663, 0.33333333333333331, 1.0, 0.33333333333333331, 1.0, 0.66666666666666663, 1.0, 0.33333333333333331, 0.33333333333333331, 0.66666666666666663, 0.66666666666666663, 0.66666666666666663, 0.33333333333333331, 0.33333333333333331, 0.0, 0.66666666666666663, 1.0, 1.0, 1.0, 1.0, 1.0, 1.0, 1.0, 1.0, 1.0, 1.0, 1.0]
CROSS1MUT14,0.758928571429
[0.5, 0.75, 1.0, 1.0, 1.0, 1.0, 0.5, 0.75, 0.75, 0.75, 0.0, 0.5, 1.0, 0.75, 0.75, 0.5, 0.5, 0.5, 0.0, 0.75, 1.0, 1.0, 1.0, 1.0, 1.0, 1.0, 1.0, 1.0]
CROSS1MUT22,0.775862068966
[1.0, 1.0, 0.5, 0.5, 1.0, 0.5, 1.0, 1.0, 1.0, 1.0, 1.0, 1.0, 1.0, 1.0, 0.5, 1.0, 1.0, 0.5, 1.0, 0.5, 0.5, 1.0, 0.0, 0.5, 0.5, 0.5, 1.0, 0.5, 1.0, 0.0, 0.0, 0.5, 0.5, 0.5, 1.0, 1.0, 0.0, 0.5, 0.5, 0.0, 1.0, 1.0, 1.0, 1.0, 1.0, 1.0, 1.0, 1.0, 1.0, 1.0, 1.0, 1.0, 1.0, 1.0, 1.0, 1.0, 1.0, 1.0]
CROSS1MUT23,0.789473684211
[0.66666666666666663, 0.66666666666666663, 1.0, 1.0, 1.0, 1.0, 1.0, 1.0, 0.66666666666666663, 1.0, 1.0, 0.66666666666666663, 0.0, 1.0, 0.0, 0.66666666666666663, 0.66666666666666663, 0.66666666666666663, 0.66666666666666663, 0.66666666666666663, 0.66666666666666663, 0.66666666666666663, 0.66666666666666663, 0.33333333333333331, 0.66666666666666663, 0.0, 1.0, 1.0, 1.0, 1.0, 1.0, 1.0, 1.0, 1.0, 1.0, 1.0, 1.0, 1.0]
CROSS1MUT24,0.767857142857
[0.5, 1.0, 1.0, 1.0, 1.0, 1.0, 0.5, 0.75, 0.75, 0.5, 0.0, 0.5, 1.0, 0.5, 0.5, 0.5, 1.0, 0.75, 0.25, 0.75, 0.75, 1.0, 1.0, 1.0, 1.0, 1.0, 1.0, 1.0]
CROSS2MUT12,0.758620689655
[1.0, 1.0, 0.5, 0.5, 1.0, 0.5, 1.0, 1.0, 1.0, 1.0, 1.0, 1.0, 1.0, 1.0, 0.5, 1.0, 1.0, 0.5, 1.0, 0.5, 0.0, 0.0, 0.0, 0.0, 0.5, 0.5, 1.0, 0.5, 1.0, 0.0, 0.0, 0.5, 0.5, 1.0, 0.5, 0.0, 1.0, 0.5, 0.5, 1.0, 1.0, 1.0, 1.0, 1.0, 1.0, 1.0, 1.0, 1.0, 1.0, 1.0, 1.0, 1.0, 1.0, 1.0, 1.0, 1.0, 1.0, 1.0]
CROSS2MUT13,0.780701754386
[0.66666666666666663, 0.66666666666666663, 0.66666666666666663, 1.0, 1.0, 1.0, 1.0, 1.0, 0.66666666666666663, 1.0, 1.0, 0.66666666666666663, 0.33333333333333331, 1.0, 0.66666666666666663, 0.66666666666666663, 0.66666666666666663, 0.66666666666666663, 0.33333333333333331, 0.33333333333333331, 0.66666666666666663, 0.33333333333333331, 0.33333333333333331, 1.0, 0.33333333333333331, 0.0, 1.0, 1.0, 1.0, 1.0, 1.0, 1.0, 1.0, 1.0, 1.0, 1.0, 1.0, 1.0]
CROSS2MUT14,0.705357142857
[0.5, 1.0, 0.75, 1.0, 1.0, 1.0, 0.5, 0.75, 0.75, 0.5, 0.25, 0.5, 0.5, 0.25, 0.25, 0.25, 0.5, 0.5, 0.0, 1.0, 1.0, 1.0, 1.0, 1.0, 1.0, 1.0, 1.0, 1.0]
CROSS2MUT22,0.784482758621
[1.0, 1.0, 0.5, 1.0, 1.0, 0.5, 1.0, 1.0, 1.0, 1.0, 1.0, 1.0, 1.0, 1.0, 0.5, 1.0, 1.0, 0.5, 1.0, 0.5, 0.5, 0.0, 0.0, 0.0, 0.5, 0.5, 1.0, 0.5, 1.0, 0.0, 0.0, 0.5, 0.5, 1.0, 1.0, 0.0, 1.0, 0.5, 0.5, 1.0, 1.0, 1.0, 1.0, 1.0, 1.0, 1.0, 1.0, 1.0, 1.0, 1.0, 1.0, 1.0, 1.0, 1.0, 1.0, 1.0, 1.0, 1.0]
CROSS2MUT23,0.780701754386
[0.66666666666666663, 0.66666666666666663, 1.0, 1.0, 1.0, 1.0, 1.0, 1.0, 0.66666666666666663, 1.0, 1.0, 0.66666666666666663, 0.33333333333333331, 1.0, 0.33333333333333331, 0.66666666666666663, 0.66666666666666663, 0.66666666666666663, 0.33333333333333331, 0.66666666666666663, 0.66666666666666663, 0.33333333333333331, 0.33333333333333331, 0.33333333333333331, 0.33333333333333331, 0.33333333333333331, 1.0, 1.0, 1.0, 1.0, 1.0, 1.0, 1.0, 1.0, 1.0, 1.0, 1.0, 1.0]
CROSS2MUT24,0.741071428571
[0.5, 1.0, 0.75, 1.0, 1.0, 1.0, 0.5, 0.75, 0.75, 0.5, 0.0, 0.5, 0.75, 0.75, 0.5, 0.5, 0.5, 0.25, 0.25, 1.0, 1.0, 1.0, 1.0, 1.0, 1.0, 1.0, 1.0, 1.0]
Comparison2:0.784482758621
[1.0, 1.0, 1.0, 0.5, 0.5, 1.0, 1.0, 1.0, 1.0, 1.0, 1.0, 1.0, 1.0, 1.0, 1.0, 1.0, 1.0, 1.0, 0.5, 1.0, 0.5, 0.0, 1.0, 0.5, 0.5, 0.5, 0.0, 0.0, 0.5, 0.5, 1.0, 0.0, 0.5, 0.5, 0.5, 1.0, 0.5, 0.0, 0.5, 1.0, 1.0, 0.5, 1.0, 1.0, 1.0, 1.0, 1.0, 1.0, 1.0, 1.0, 1.0, 1.0, 1.0, 1.0, 1.0, 1.0, 1.0, 1.0]
Comparison3:0.780701754386
[1.0, 0.66666666666666663, 0.66666666666666663, 1.0, 1.0, 1.0, 1.0, 1.0, 1.0, 1.0, 1.0, 1.0, 0.66666666666666663, 0.33333333333333331, 0.66666666666666663, 0.66666666666666663, 0.33333333333333331, 0.0, 0.33333333333333331, 0.66666666666666663, 0.33333333333333331, 0.66666666666666663, 0.66666666666666663, 0.66666666666666663, 0.33333333333333331, 0.66666666666666663, 1.0, 0.66666666666666663, 0.66666666666666663, 1.0, 1.0, 1.0, 1.0, 1.0, 1.0, 1.0, 1.0, 1.0]
Comparison4:0.767857142857
[1.0, 0.5, 1.0, 1.0, 1.0, 1.0, 1.0, 1.0, 0.75, 0.75, 0.5, 0.5, 0.25, 0.25, 0.5, 0.25, 0.75, 0.75, 0.25, 1.0, 0.75, 0.75, 1.0, 1.0, 1.0, 1.0, 1.0, 1.0]
