starting
Generation 000 | highest fitness: 0.84 | Born: 1 | prediction: 0.84
[[ 0.31428571  0.04821429  0.40496032  0.07202381  0.27003968  0.09285714
   0.27857143  0.40853175  0.36746032  0.09424603]
 [ 0.04895833  0.38541667  0.253125    0.39479167  0.45208333  0.40833333
   0.3625      0.303125    0.03125     0.50416667]]
Generation 001 | highest fitness: 0.86 | Born: 1 | prediction: 0.79
[[ 0.40604184  0.09989882  0.34512595  0.13431228  0.32487284  0.0855488
   0.4415627   0.44444136  0.42288381  0.10127936]
 [ 0.10728025  0.37605905  0.43583807  0.3742228   0.43130165  0.40098494
   0.4734233   0.35644689  0.08942405  0.35035541]]
Generation 002 | highest fitness: 0.86 | Born: 1 | prediction: 0.82
[[ 0.38852276  0.08861074  0.41857436  0.1361029   0.38772111  0.111655
   0.49224273  0.45785673  0.40702709  0.12947687]
 [ 0.11966788  0.41982713  0.41419263  0.35629595  0.42153739  0.41356509
   0.45113426  0.3939699   0.12500676  0.30716635]]
Generation 003 | highest fitness: 0.86 | Born: 1 | prediction: 0.77
[[ 0.37675781  0.10169805  0.42054544  0.12781084  0.37301652  0.11620862
   0.48426591  0.46990443  0.42272115  0.12194073]
 [ 0.10752422  0.42295503  0.4121518   0.34474669  0.4093359   0.42775491
   0.42796286  0.44225221  0.12477764  0.39609597]]
Generation 004 | highest fitness: 0.81 | Born: 1 | prediction: 0.82
[[ 0.35479401  0.1081855   0.37051005  0.13150939  0.3645689   0.10119169
   0.42578966  0.44661509  0.44756215  0.13341045]
 [ 0.0914622   0.4032487   0.44016663  0.36116821  0.39728597  0.36924533
   0.39085276  0.41737158  0.14054027  0.39545434]]
Generation 005 | highest fitness: 0.82 | Born: 1 | prediction: 0.83
[[ 0.34413768  0.09961882  0.36746541  0.11934064  0.38349407  0.10131707
   0.4176041   0.42597906  0.42239651  0.13139578]
 [ 0.09614862  0.39333126  0.39543152  0.39024224  0.41748159  0.36221033
   0.39014741  0.44138038  0.11779087  0.40968783]]
Generation 006 | highest fitness: 0.83 | Born: 1 | prediction: 0.84
[[ 0.34892657  0.09231127  0.37143713  0.12237233  0.39499361  0.11828105
   0.42999617  0.43280016  0.4061275   0.10855252]
 [ 0.11655855  0.35993562  0.37958912  0.37778075  0.4030808   0.38316118
   0.36690312  0.43413485  0.09422041  0.4277393 ]]
Generation 007 | highest fitness: 0.83 | Born: 1 | prediction: 0.76
[[ 0.33960005  0.09308495  0.36640132  0.11202945  0.40433124  0.1152889
   0.41217878  0.41347184  0.39428595  0.10229648]
 [ 0.10881206  0.377179    0.3972043   0.37727727  0.42310226  0.39762518
   0.38206815  0.43457711  0.11042979  0.41605393]]
Generation 008 | highest fitness: 0.83 | Born: 1 | prediction: 0.86
[[ 0.33730242  0.09943247  0.36693442  0.10912936  0.41049743  0.12289746
   0.40263938  0.40720706  0.38674433  0.11224853]
 [ 0.10330429  0.38749034  0.37991501  0.37580422  0.41717451  0.38443218
   0.38674856  0.4515079   0.12094046  0.415686  ]]
Generation 009 | highest fitness: 0.86 | Born: 1 | prediction: 0.83
[[ 0.34626687  0.10401632  0.39217912  0.10229479  0.39847436  0.12292128
   0.39993444  0.41607151  0.39071872  0.1113401 ]
 [ 0.10189146  0.38627915  0.39028966  0.38505025  0.40392398  0.38493588
   0.38977356  0.42628452  0.11125291  0.4155509 ]]
Generation 010 | highest fitness: 0.86 | Born: 1 | prediction: 0.73
[[ 0.35092196  0.10500097  0.41216584  0.09959612  0.39953008  0.11449064
   0.39869291  0.40228057  0.38511444  0.11416171]
 [ 0.10761688  0.38615723  0.39156106  0.38317577  0.40666039  0.38448753
   0.38690877  0.42100283  0.11013211  0.41830185]]
Generation 011 | highest fitness: 0.86 | Born: 1 | prediction: 0.8
[[ 0.35569883  0.10970162  0.41967313  0.10135506  0.40503163  0.11867916
   0.38297965  0.39610818  0.38450788  0.11335526]
 [ 0.11240897  0.38101051  0.36330913  0.36725989  0.39872186  0.37115152
   0.39299896  0.41891391  0.11656492  0.42619236]]
Generation 012 | highest fitness: 0.83 | Born: 1 | prediction: 0.74
[[ 0.34886495  0.10682217  0.4063871   0.10267565  0.40642774  0.12101876
   0.3892289   0.3901751   0.37698359  0.109661  ]
 [ 0.1066597   0.37428456  0.36582029  0.3646194   0.38132624  0.36320233
   0.39072409  0.416124    0.10955534  0.43521271]]
Generation 013 | highest fitness: 0.8 | Born: 1 | prediction: 0.83
[[ 0.34071067  0.11353725  0.40655633  0.10217082  0.41287968  0.11559562
   0.39789024  0.4016295   0.387688    0.10875172]
 [ 0.10152084  0.36906538  0.35920922  0.35450925  0.37715758  0.35558403
   0.39535679  0.39923837  0.11186627  0.44234807]]
Generation 014 | highest fitness: 0.83 | Born: 1 | prediction: 0.79
[[ 0.34386632  0.11274898  0.40776313  0.10361448  0.40593531  0.11490525
   0.38446033  0.40080423  0.39376518  0.1172606 ]
 [ 0.10049439  0.37143324  0.35252781  0.36048748  0.38894318  0.36112489
   0.38731663  0.400474    0.10903863  0.44862546]]
Generation 015 | highest fitness: 0.83 | Born: 1 | prediction: 0.8
[[ 0.34433047  0.11294486  0.39358393  0.11093601  0.39742354  0.11101988
   0.38447923  0.39442297  0.3912085   0.11999986]
 [ 0.10096425  0.3688875   0.35741096  0.35837372  0.38823749  0.36311582
   0.38325454  0.39719139  0.1102154   0.44366146]]
Generation 016 | highest fitness: 0.83 | Born: 1 | prediction: 0.78
[[ 0.36269688  0.10509708  0.39357867  0.11116275  0.39672138  0.11259445
   0.38771184  0.39914217  0.39480073  0.12628347]
 [ 0.0961963   0.36329165  0.36069932  0.35262266  0.38712346  0.37048944
   0.38576724  0.39522757  0.11107207  0.42882561]]
Generation 017 | highest fitness: 0.8 | Born: 1 | prediction: 0.75
[[ 0.3610281   0.10829266  0.38428606  0.11551821  0.40057783  0.11280826
   0.38473323  0.40079973  0.39556842  0.12626973]
 [ 0.1017685   0.36154507  0.36303538  0.36641049  0.38884895  0.37060582
   0.37932653  0.39649893  0.11577627  0.42603698]]
Generation 018 | highest fitness: 0.8 | Born: 1 | prediction: 0.81
[[ 0.35660285  0.11112137  0.38596083  0.11687734  0.40025098  0.11169971
   0.38543324  0.39161574  0.3904187   0.12570754]
 [ 0.10353368  0.35262598  0.35496518  0.3601524   0.39668284  0.37023128
   0.37941306  0.39025143  0.1213619   0.41870106]]
Generation 019 | highest fitness: 0.81 | Born: 1 | prediction: 0.77
[[ 0.37376783  0.10920533  0.37817109  0.12063331  0.39106292  0.10502335
   0.38199024  0.3891898   0.3868353   0.13063438]
 [ 0.1062923   0.35215012  0.36246618  0.36069299  0.39580847  0.36690242
   0.37699046  0.38692294  0.12118756  0.42694096]]
Generation 020 | highest fitness: 0.81 | Born: 1 | prediction: 0.77
[[ 0.36637174  0.11212266  0.37465554  0.11822261  0.38696162  0.10884466
   0.37386328  0.3834798   0.37939602  0.12856363]
 [ 0.10535373  0.35670292  0.36124763  0.36161005  0.3904221   0.37186434
   0.37741236  0.3841654   0.12040256  0.42098063]]
Generation 021 | highest fitness: 0.81 | Born: 1 | prediction: 0.78
[[ 0.36496417  0.11362809  0.37461457  0.11417832  0.38350864  0.11503775
   0.37712398  0.38510254  0.37302476  0.12908622]
 [ 0.10800951  0.35318     0.36226384  0.3602412   0.38652541  0.37725614
   0.37580118  0.37722305  0.12037565  0.41742385]]
Generation 022 | highest fitness: 0.78 | Born: 1 | prediction: 0.78
[[ 0.366139    0.11258931  0.3717064   0.1183763   0.38274352  0.11351055
   0.38082181  0.38385965  0.38126898  0.12627153]
 [ 0.11373533  0.34863319  0.3583114   0.35387367  0.37981199  0.37988022
   0.37614841  0.37379419  0.12027121  0.41898692]]
Generation 023 | highest fitness: 0.78 | Born: 1 | prediction: 0.78
[[ 0.36592939  0.11389906  0.37146518  0.11668443  0.37822497  0.11584589
   0.37702842  0.38278746  0.37619186  0.12580739]
 [ 0.11127217  0.35099926  0.35672828  0.35306646  0.37777648  0.37679446
   0.37507479  0.38102519  0.11851048  0.41018665]]
Generation 024 | highest fitness: 0.78 | Born: 1 | prediction: 0.73
[[ 0.36493486  0.11762952  0.37353018  0.11599521  0.37344698  0.11382453
   0.37672593  0.38204363  0.37827525  0.12341707]
 [ 0.11489771  0.35111355  0.35546272  0.34982662  0.3742613   0.37656835
   0.37275415  0.38378357  0.11738799  0.40816017]]
Generation 025 | highest fitness: 0.78 | Born: 1 | prediction: 0.76
[[ 0.36350779  0.11917835  0.37487612  0.11583214  0.37647531  0.11474795
   0.37796162  0.37984583  0.37389972  0.12744651]
 [ 0.11832623  0.35569147  0.36093607  0.3506659   0.37838198  0.36947568
   0.3683429   0.3825005   0.11554476  0.40752213]]
Generation 026 | highest fitness: 0.78 | Born: 1 | prediction: 0.7
[[ 0.36306932  0.11926369  0.3769024   0.11625063  0.37934185  0.11620425
   0.37660142  0.38532914  0.3733209   0.12907966]
 [ 0.1186956   0.35301129  0.36330177  0.35326617  0.37546029  0.37019464
   0.36881151  0.38178259  0.11674476  0.40541159]]
Generation 027 | highest fitness: 0.76 | Born: 1 | prediction: 0.73
[[ 0.36066263  0.12117156  0.37476233  0.1153576   0.37856211  0.11818008
   0.37595223  0.38714383  0.37127796  0.12851381]
 [ 0.12147166  0.35034037  0.36017281  0.35508528  0.36592299  0.37191726
   0.36625187  0.37624393  0.12179102  0.40831657]]
Generation 028 | highest fitness: 0.76 | Born: 1 | prediction: 0.73
[[ 0.35600075  0.12271152  0.37392643  0.1195464   0.37384828  0.11704768
   0.37134875  0.38965185  0.37014855  0.12793089]
 [ 0.11595943  0.34913473  0.35745768  0.35802006  0.36488339  0.37121668
   0.37335711  0.37723299  0.12302402  0.40453216]]
Generation 029 | highest fitness: 0.73 | Born: 1 | prediction: 0.78
[[ 0.35712811  0.12334804  0.37275708  0.12117599  0.36811846  0.11860422
   0.37196872  0.38521994  0.36276148  0.13182107]
 [ 0.12048205  0.34358016  0.35810789  0.35782344  0.36542479  0.3775773
   0.37555096  0.37686728  0.12559185  0.40007636]]
Generation 030 | highest fitness: 0.78 | Born: 1 | prediction: 0.73
[[ 0.35604912  0.12212757  0.367407    0.12067795  0.369497    0.11683673
   0.37031994  0.38478273  0.3621519   0.13233996]
 [ 0.12347107  0.34212556  0.35701026  0.35304848  0.36314365  0.37941334
   0.37652569  0.37496975  0.12650811  0.40073524]]
Generation 031 | highest fitness: 0.78 | Born: 1 | prediction: 0.77
[[ 0.35466402  0.12238834  0.36110341  0.12119816  0.37020545  0.1163546
   0.3653361   0.37997935  0.35910105  0.12967488]
 [ 0.12731568  0.34336452  0.3575946   0.35381496  0.36776304  0.37731225
   0.37458274  0.37293876  0.12760662  0.4001272 ]]
Generation 032 | highest fitness: 0.77 | Born: 1 | prediction: 0.73
[[ 0.35666607  0.12062649  0.35757603  0.12033428  0.36572027  0.11684221
   0.36513911  0.37917888  0.36315119  0.12845681]
 [ 0.1252014   0.34273885  0.35199901  0.35352499  0.37048578  0.37909397
   0.36985475  0.37275007  0.13074551  0.39811109]]
Generation 033 | highest fitness: 0.77 | Born: 1 | prediction: 0.72
[[ 0.36121356  0.12281159  0.35119251  0.1265407   0.36088495  0.11813995
   0.36835842  0.37463054  0.3623053   0.13021228]
 [ 0.12788033  0.34239807  0.35433667  0.35859576  0.36903837  0.38027293
   0.36787966  0.36910705  0.12946583  0.3950235 ]]
Generation 034 | highest fitness: 0.77 | Born: 1 | prediction: 0.69
[[ 0.35942597  0.12651593  0.35066692  0.12576938  0.36104771  0.11679332
   0.36606171  0.37534475  0.36099048  0.13374328]
 [ 0.12868251  0.34118529  0.35235571  0.3587914   0.36688485  0.37916141
   0.36850256  0.36189651  0.13241757  0.3902562 ]]
Generation 035 | highest fitness: 0.73 | Born: 1 | prediction: 0.81
[[ 0.35942488  0.12651355  0.34509804  0.13025546  0.35741251  0.12127418
   0.36788036  0.37423252  0.35841699  0.13564368]
 [ 0.12845405  0.34652423  0.34964664  0.36007629  0.36692018  0.38039937
   0.36586034  0.36046782  0.13109746  0.38847091]]
Generation 036 | highest fitness: 0.81 | Born: 1 | prediction: 0.65
[[ 0.36387807  0.13024818  0.34782163  0.13143109  0.35830671  0.12289606
   0.36483708  0.37494271  0.35628645  0.13770845]
 [ 0.12452217  0.34651536  0.34705598  0.36224727  0.36363569  0.37832734
   0.36265532  0.36180269  0.13404555  0.39224302]]
Generation 037 | highest fitness: 0.81 | Born: 1 | prediction: 0.72
[[ 0.36021703  0.13342858  0.34626121  0.13456462  0.35386424  0.12447973
   0.36390174  0.37499929  0.35409588  0.13806667]
 [ 0.12890706  0.34630584  0.35193797  0.36201105  0.36099856  0.37413503
   0.36164014  0.36101333  0.13268882  0.39141668]]
Generation 038 | highest fitness: 0.81 | Born: 1 | prediction: 0.74
[[ 0.35777029  0.13393411  0.34265972  0.13501796  0.35510095  0.12701011
   0.36393677  0.37124182  0.35361009  0.14093766]
 [ 0.13276827  0.34756394  0.35325335  0.36325956  0.36034305  0.3729991
   0.36389955  0.35616314  0.13209457  0.38431894]]
Generation 039 | highest fitness: 0.74 | Born: 1 | prediction: 0.77
[[ 0.36058821  0.13254876  0.34306449  0.13583631  0.35414043  0.12725369
   0.36719025  0.37220753  0.35351633  0.13997787]
 [ 0.13705883  0.34834934  0.35925158  0.36684218  0.36273572  0.37218733
   0.36131074  0.35401491  0.12970192  0.38452916]]
Generation 040 | highest fitness: 0.77 | Born: 1 | prediction: 0.66
[[ 0.35852678  0.13078593  0.34162387  0.1346151   0.35501842  0.12834345
   0.36488905  0.37180331  0.35373939  0.14064987]
 [ 0.1387464   0.34741171  0.35812811  0.36605035  0.35992984  0.37445409
   0.35983123  0.35545497  0.13066194  0.38014095]]
Generation 041 | highest fitness: 0.77 | Born: 1 | prediction: 0.65
[[ 0.35780172  0.13172437  0.33819063  0.1399249   0.35490621  0.12858863
   0.36332381  0.37184634  0.35305617  0.14115183]
 [ 0.13906389  0.34593061  0.35290575  0.36726864  0.36174651  0.37323241
   0.35790104  0.3501141   0.13055415  0.37514907]]
Generation 042 | highest fitness: 0.66 | Born: 1 | prediction: 0.66
[[ 0.35778087  0.13446361  0.33755106  0.13911921  0.3515242   0.13136825
   0.36278582  0.36993192  0.35074158  0.14407939]
 [ 0.13721709  0.34658956  0.35139704  0.36462499  0.36085175  0.37259514
   0.35775993  0.35074013  0.13213948  0.37204508]]
Generation 043 | highest fitness: 0.66 | Born: 1 | prediction: 0.6
[[ 0.35881831  0.13734603  0.33866487  0.14434779  0.34805342  0.13523636
   0.35789074  0.36804361  0.34971764  0.14411585]
 [ 0.13947441  0.34538408  0.35062081  0.3654431   0.3594143   0.37271806
   0.35954542  0.3508134   0.13210776  0.37182384]]
Generation 044 | highest fitness: 0.66 | Born: 1 | prediction: 0.61
[[ 0.35934682  0.13891632  0.34446211  0.14529144  0.34420467  0.13814355
   0.35426147  0.36850105  0.34963344  0.14458196]
 [ 0.14338044  0.3471284   0.34865154  0.3613317   0.35727622  0.37001928
   0.3600058   0.34916922  0.1349062   0.36979314]]
Generation 045 | highest fitness: 0.66 | Born: 1 | prediction: 0.68
[[ 0.35908201  0.1422011   0.34528142  0.14311173  0.34112722  0.1390308
   0.35220906  0.36592362  0.34365494  0.14425024]
 [ 0.14558291  0.34670646  0.34876588  0.36112062  0.35556144  0.36479153
   0.35608356  0.34715894  0.13999287  0.36667114]]
Generation 046 | highest fitness: 0.68 | Born: 1 | prediction: 0.71
[[ 0.36259716  0.14085059  0.34707066  0.14565878  0.34010711  0.13939491
   0.35603499  0.363126    0.34261411  0.14442078]
 [ 0.14661666  0.34461251  0.34820844  0.35868691  0.35713236  0.36803269
   0.35512268  0.34573863  0.13879057  0.36486228]]
Generation 047 | highest fitness: 0.71 | Born: 1 | prediction: 0.65
[[ 0.36450401  0.14625445  0.34057397  0.14845292  0.33744644  0.13908178
   0.35019064  0.35929324  0.34559325  0.14268885]
 [ 0.14591571  0.34207739  0.34707473  0.35737544  0.35780346  0.3656351
   0.35228152  0.34533311  0.13786177  0.36285368]]
Generation 048 | highest fitness: 0.71 | Born: 1 | prediction: 0.61
[[ 0.36397234  0.1448333   0.34096529  0.14672383  0.33586122  0.13902145
   0.35142865  0.35740562  0.34485378  0.1421802 ]
 [ 0.14641889  0.34335402  0.35014285  0.35361857  0.35593858  0.36004831
   0.35316683  0.34492859  0.13876126  0.35821522]]
Generation 049 | highest fitness: 0.65 | Born: 1 | prediction: 0.67
[[ 0.36029255  0.14582794  0.34222936  0.14821854  0.33725637  0.139123
   0.35026226  0.35556822  0.3491872   0.14328436]
 [ 0.14673401  0.3403705   0.34552464  0.35188467  0.35724124  0.35756016
   0.34793976  0.34327884  0.13995725  0.35638499]]
Generation 050 | highest fitness: 0.67 | Born: 1 | prediction: 0.64
[[ 0.35880888  0.14807478  0.34024091  0.15092677  0.33779198  0.14051355
   0.35069943  0.35443642  0.3501446   0.14372312]
 [ 0.14720989  0.33820873  0.3467231   0.35407466  0.35402097  0.35431372
   0.34906501  0.33986516  0.1400459   0.35551768]]
Generation 051 | highest fitness: 0.67 | Born: 1 | prediction: 0.63
[[ 0.35884902  0.14914168  0.34064278  0.15247702  0.33348261  0.14211208
   0.34936687  0.35215522  0.35006419  0.14723112]
 [ 0.14593125  0.33635158  0.34991556  0.35643308  0.3541674   0.3538765
   0.34675946  0.33680368  0.1420192   0.35130953]]
Generation 052 | highest fitness: 0.64 | Born: 1 | prediction: 0.71
[[ 0.35813094  0.14990228  0.34160365  0.15368881  0.33113709  0.1431771
   0.35340846  0.35052579  0.35108544  0.15102035]
 [ 0.14649563  0.33693175  0.34721942  0.35481552  0.35124111  0.35274717
   0.34656115  0.33473048  0.1445025   0.35071226]]
Generation 053 | highest fitness: 0.71 | Born: 1 | prediction: 0.66
[[ 0.36066255  0.14984943  0.34458049  0.15291836  0.33083412  0.14331952
   0.35362051  0.34787377  0.34774387  0.15332299]
 [ 0.14798811  0.33637467  0.347577    0.35426304  0.34413858  0.34895145
   0.34166999  0.33420657  0.14742509  0.35231325]]
Generation 054 | highest fitness: 0.71 | Born: 1 | prediction: 0.69
[[ 0.35916398  0.14957139  0.34256147  0.15341952  0.32972169  0.1435731
   0.35155741  0.35018657  0.34680605  0.15443758]
 [ 0.14757284  0.3373272   0.3452786   0.35527716  0.34057788  0.35017318
   0.34108974  0.33357405  0.14893789  0.35190112]]
Generation 055 | highest fitness: 0.71 | Born: 1 | prediction: 0.65
[[ 0.35844053  0.14959092  0.34098435  0.15411325  0.32823231  0.14561836
   0.35042947  0.34893753  0.3432588   0.15332387]
 [ 0.14679035  0.33880901  0.34460171  0.35448626  0.34200339  0.35145847
   0.34139187  0.33398872  0.14887113  0.3484742 ]]
Generation 056 | highest fitness: 0.69 | Born: 1 | prediction: 0.67
[[ 0.35731327  0.15276946  0.34023118  0.15428014  0.32675579  0.14693633
   0.3499635   0.34791073  0.34339214  0.15349024]
 [ 0.14883065  0.33795246  0.34432699  0.35391317  0.34322738  0.35131456
   0.34273981  0.3333938   0.14752638  0.34943415]]
Generation 057 | highest fitness: 0.69 | Born: 1 | prediction: 0.69
[[ 0.35792883  0.15284804  0.33812484  0.15561328  0.3258325   0.1475902
   0.34942163  0.34781735  0.34474634  0.15436787]
 [ 0.14839992  0.3377909   0.34261251  0.35346     0.343774    0.35004952
   0.34159029  0.33227123  0.14906396  0.34984574]]
Generation 058 | highest fitness: 0.69 | Born: 1 | prediction: 0.67
[[ 0.35977173  0.15235759  0.33541863  0.15649586  0.32519382  0.14724828
   0.34960912  0.34851448  0.34743299  0.15360196]
 [ 0.15237379  0.33883783  0.34257901  0.35249844  0.34219851  0.3500834
   0.34070366  0.33439856  0.15265172  0.34770065]]
Generation 059 | highest fitness: 0.69 | Born: 1 | prediction: 0.6
[[ 0.35835618  0.15249207  0.33507797  0.15540709  0.32610519  0.14837323
   0.34999635  0.34854496  0.34462911  0.15412327]
 [ 0.15212682  0.33604866  0.33874313  0.3505733   0.3437114   0.34866851
   0.34114326  0.33520711  0.15342409  0.34547495]]
Generation 060 | highest fitness: 0.69 | Born: 1 | prediction: 0.73
[[ 0.35813984  0.15280051  0.3318176   0.15591685  0.32409306  0.15109126
   0.34711545  0.34922338  0.34207825  0.15277949]
 [ 0.15320959  0.33640513  0.33797446  0.34890806  0.34219814  0.34598113
   0.33863074  0.33383779  0.15973996  0.34238876]]
Generation 061 | highest fitness: 0.73 | Born: 1 | prediction: 0.65
[[ 0.35729461  0.15064325  0.33219539  0.15715313  0.32329787  0.14969909
   0.35078822  0.34628278  0.34430482  0.15289547]
 [ 0.15474463  0.34066488  0.3406038   0.35193181  0.3439382   0.34599968
   0.33505049  0.33279307  0.16344526  0.33863492]]
Generation 062 | highest fitness: 0.73 | Born: 1 | prediction: 0.57
[[ 0.35776568  0.14983936  0.33121152  0.15907392  0.32148287  0.15306818
   0.34977795  0.34247483  0.33824231  0.15318504]
 [ 0.15544274  0.33814306  0.34315464  0.34661808  0.3413548   0.34717323
   0.33461123  0.33302439  0.16265171  0.33937594]]
Generation 063 | highest fitness: 0.65 | Born: 1 | prediction: 0.63
[[ 0.35675028  0.1520533   0.32697908  0.15936621  0.32030329  0.15575542
   0.34841364  0.34130331  0.33550462  0.15363261]
 [ 0.15452371  0.33821301  0.34654116  0.34427959  0.34132857  0.34255622
   0.33197198  0.33184504  0.16577054  0.33797156]]
Generation 064 | highest fitness: 0.63 | Born: 1 | prediction: 0.64
[[ 0.35692917  0.15401288  0.32674838  0.1599509   0.32202308  0.15525138
   0.34703412  0.33655825  0.33446091  0.15555034]
 [ 0.1513805   0.3371291   0.34570244  0.33801796  0.33791497  0.3436422
   0.33224194  0.33265449  0.16612251  0.3380344 ]]
Generation 065 | highest fitness: 0.64 | Born: 1 | prediction: 0.6
[[ 0.35639764  0.15478161  0.32501423  0.15963597  0.32040827  0.15362444
   0.34906754  0.33786563  0.33678039  0.15675443]
 [ 0.15513576  0.3374174   0.34632985  0.33644547  0.33756794  0.34004726
   0.33207236  0.33002196  0.16695595  0.33706823]]
Generation 066 | highest fitness: 0.64 | Born: 1 | prediction: 0.65
[[ 0.35475148  0.15540627  0.32444946  0.16096456  0.3175947   0.15511037
   0.34673218  0.33617224  0.33469774  0.15771781]
 [ 0.15624337  0.3389143   0.3409286   0.33737539  0.33785547  0.33786424
   0.33130237  0.32629951  0.16714503  0.33797672]]
Generation 067 | highest fitness: 0.65 | Born: 1 | prediction: 0.65
[[ 0.35742556  0.15800269  0.32685594  0.16190667  0.31823089  0.15419816
   0.34511991  0.33680815  0.33337911  0.15824733]
 [ 0.15732856  0.33794887  0.33842552  0.33694434  0.33592421  0.33394866
   0.33251041  0.32862422  0.17044051  0.33703463]]
Generation 068 | highest fitness: 0.65 | Born: 1 | prediction: 0.59
[[ 0.3543807   0.15894441  0.3275672   0.16348905  0.31673676  0.1554985
   0.34435782  0.3353364   0.33355777  0.16038127]
 [ 0.15647135  0.33551592  0.33655138  0.33740561  0.33412711  0.33507721
   0.3313898   0.33048661  0.16917657  0.33520263]]
Generation 069 | highest fitness: 0.65 | Born: 1 | prediction: 0.56
[[ 0.35399505  0.15919799  0.32714211  0.16617117  0.31638492  0.15639759
   0.34486195  0.33464664  0.33408666  0.15972711]
 [ 0.15761495  0.33292797  0.3350238   0.33640687  0.32994867  0.33630265
   0.32890454  0.33019929  0.17164178  0.33533295]]
Generation 070 | highest fitness: 0.65 | Born: 1 | prediction: 0.67
[[ 0.35740742  0.16285286  0.32376414  0.16747573  0.31645029  0.15694963
   0.34371683  0.33324398  0.33318032  0.16182105]
 [ 0.16216389  0.33214308  0.33516224  0.33699532  0.32827004  0.33388446
   0.33021787  0.32747019  0.17280186  0.33246017]]
Generation 071 | highest fitness: 0.67 | Born: 1 | prediction: 0.66
[[ 0.35356413  0.1657655   0.32329748  0.1661994   0.31737136  0.15831692
   0.34550397  0.33594101  0.33241514  0.16534351]
 [ 0.1604081   0.33024735  0.33463646  0.33494263  0.32747363  0.33589699
   0.32928073  0.33013032  0.1718855   0.33354461]]
Generation 072 | highest fitness: 0.67 | Born: 1 | prediction: 0.62
[[ 0.35508653  0.16797822  0.32329366  0.16593221  0.31813546  0.15883615
   0.34570926  0.33548675  0.33065469  0.16597673]
 [ 0.1633661   0.3317872   0.33145113  0.33459574  0.32741399  0.3371325
   0.32735012  0.32760734  0.17347995  0.32987587]]
Generation 073 | highest fitness: 0.66 | Born: 1 | prediction: 0.65
[[ 0.35470099  0.17032546  0.32100254  0.16588137  0.31769968  0.15863226
   0.34370388  0.33507025  0.32908529  0.16568967]
 [ 0.16370925  0.3345905   0.33055768  0.33407248  0.32657203  0.33469005
   0.32608936  0.32446817  0.17402369  0.33088592]]
Generation 074 | highest fitness: 0.65 | Born: 1 | prediction: 0.56
[[ 0.35506422  0.16882029  0.32006578  0.16820076  0.31737398  0.15688229
   0.34539784  0.33272772  0.32582727  0.16482919]
 [ 0.16525648  0.33455742  0.33030652  0.33616289  0.32548401  0.33557839
   0.32531197  0.32402513  0.1748024   0.33002112]]
Generation 075 | highest fitness: 0.65 | Born: 1 | prediction: 0.59
[[ 0.35273706  0.16938871  0.31837386  0.16919851  0.31617234  0.15677237
   0.3441271   0.33171356  0.32315616  0.16546418]
 [ 0.16609389  0.33308087  0.33113255  0.33364908  0.32831667  0.33648407
   0.32243911  0.32150639  0.17697463  0.32844686]]
Generation 076 | highest fitness: 0.65 | Born: 1 | prediction: 0.58
[[ 0.35134737  0.16929829  0.3160166   0.16929556  0.31610957  0.15661801
   0.34305638  0.33059645  0.3219905   0.16598855]
 [ 0.16830807  0.33502756  0.32882572  0.33360889  0.32531305  0.33368723
   0.32258673  0.31813369  0.17820284  0.32810885]]
Generation 077 | highest fitness: 0.65 | Born: 1 | prediction: 0.57
[[ 0.35110943  0.16827347  0.31625909  0.17047923  0.31597877  0.16076134
   0.34217659  0.33180271  0.32122203  0.16946472]
 [ 0.16945816  0.33498805  0.32719855  0.33326625  0.32578757  0.33234095
   0.3227337   0.31871559  0.17888741  0.32715957]]
Generation 078 | highest fitness: 0.58 | Born: 1 | prediction: 0.44
[[ 0.35013735  0.16872755  0.31689261  0.17121449  0.31565297  0.16231784
   0.34072486  0.32860747  0.31983249  0.17150666]
 [ 0.17167499  0.33432714  0.32716714  0.33405211  0.32578316  0.33267584
   0.32279123  0.31885424  0.17997276  0.32524621]]
Generation 079 | highest fitness: 0.57 | Born: 1 | prediction: 0.59
[[ 0.3483593   0.16890976  0.31597505  0.17264785  0.31669106  0.16389556
   0.34006649  0.32685241  0.31628395  0.17455014]
 [ 0.17186741  0.33216314  0.32516774  0.33327157  0.32473304  0.33238528
   0.32043357  0.31796315  0.18410273  0.32328967]]
Generation 080 | highest fitness: 0.59 | Born: 1 | prediction: 0.63
[[ 0.34769472  0.16948379  0.31511587  0.17416651  0.31715377  0.16487974
   0.3391971   0.3264929   0.31606253  0.17506313]
 [ 0.17568985  0.33054635  0.32662364  0.33244843  0.32577612  0.3324101
   0.31743428  0.31667245  0.18511078  0.31980389]]
Generation 081 | highest fitness: 0.63 | Born: 1 | prediction: 0.55
[[ 0.34730098  0.1695632   0.3173108   0.17575027  0.31532466  0.16703348
   0.33816305  0.32768145  0.31425578  0.17384553]
 [ 0.17684138  0.33027182  0.3247327   0.33113322  0.32423674  0.33242661
   0.31707006  0.31531041  0.18443844  0.32106947]]
Generation 082 | highest fitness: 0.63 | Born: 1 | prediction: 0.57
[[ 0.34538287  0.1700356   0.31634096  0.17672471  0.31321133  0.16812036
   0.33827314  0.32684833  0.3124312   0.17231644]
 [ 0.17851638  0.32820318  0.32452323  0.33076492  0.32317956  0.3303033
   0.31704148  0.31404225  0.18422147  0.31836039]]
Generation 083 | highest fitness: 0.63 | Born: 1 | prediction: 0.64
[[ 0.34188733  0.17247792  0.31565099  0.17829651  0.31181751  0.16910452
   0.33755588  0.32633732  0.31330567  0.17544699]
 [ 0.17747669  0.32876754  0.32266448  0.33021767  0.32098862  0.32940772
   0.31602714  0.31343625  0.18450194  0.31803252]]
Generation 084 | highest fitness: 0.64 | Born: 1 | prediction: 0.58
[[ 0.34151053  0.17340167  0.31605115  0.17911709  0.31100556  0.17039482
   0.33663209  0.32464944  0.31152743  0.17600649]
 [ 0.17809951  0.32935112  0.322223    0.32964453  0.32057629  0.32884838
   0.31570438  0.31203057  0.18349661  0.31767531]]
Generation 085 | highest fitness: 0.64 | Born: 1 | prediction: 0.58
[[ 0.34005091  0.1752548   0.31438746  0.18054018  0.3100862   0.16967399
   0.33657192  0.32381493  0.31158249  0.17748423]
 [ 0.17929491  0.32971292  0.32315045  0.32914911  0.3185551   0.32836855
   0.31420445  0.31230617  0.18416075  0.31613678]]
Generation 086 | highest fitness: 0.64 | Born: 1 | prediction: 0.54
[[ 0.33963842  0.17529033  0.3149749   0.18145134  0.30915017  0.17010648
   0.33715984  0.3226832   0.30967416  0.17843902]
 [ 0.18076564  0.32788489  0.32216162  0.32519831  0.31766192  0.33119532
   0.31481907  0.31402227  0.18589318  0.31564592]]
Generation 087 | highest fitness: 0.64 | Born: 1 | prediction: 0.53
[[ 0.3397371   0.1746292   0.31438063  0.18117028  0.30745023  0.17099649
   0.33749875  0.32328654  0.30775295  0.1796858 ]
 [ 0.18208843  0.32490348  0.32299964  0.3252847   0.31619922  0.330239
   0.31442974  0.3123014   0.18680173  0.31421779]]
Generation 088 | highest fitness: 0.58 | Born: 1 | prediction: 0.52
[[ 0.33854586  0.17590896  0.31242229  0.18153145  0.30558962  0.17121142
   0.3355059   0.32258838  0.30699595  0.18061299]
 [ 0.18138546  0.32332598  0.32139019  0.32531276  0.31472211  0.32882309
   0.31406241  0.31253463  0.18741578  0.31359518]]
Generation 089 | highest fitness: 0.54 | Born: 1 | prediction: 0.44
[[ 0.33721583  0.1768872   0.31148445  0.18214022  0.30423884  0.17118548
   0.33604638  0.32177696  0.30511991  0.18203019]
 [ 0.18206735  0.32300108  0.32080608  0.32575812  0.31421869  0.32896543
   0.31329392  0.31178666  0.18749655  0.31230035]]
Generation 090 | highest fitness: 0.52 | Born: 1 | prediction: 0.42
[[ 0.33653656  0.17725311  0.31138807  0.18326508  0.30467057  0.17219415
   0.3356807   0.32126735  0.30533735  0.1828831 ]
 [ 0.18238678  0.32043731  0.32044827  0.32529915  0.31530177  0.32793476
   0.31222484  0.31100764  0.18857774  0.3109916 ]]
Generation 091 | highest fitness: 0.52 | Born: 1 | prediction: 0.55
[[ 0.33376561  0.17744114  0.3084095   0.18367296  0.30400517  0.1740433
   0.33448639  0.32063174  0.30434825  0.18423346]
 [ 0.184759    0.31753861  0.31978962  0.32456701  0.31344631  0.32556538
   0.31009151  0.30985116  0.18990105  0.30887648]]
Generation 092 | highest fitness: 0.55 | Born: 1 | prediction: 0.45
[[ 0.33409069  0.17756045  0.30680148  0.18339921  0.30272566  0.17477679
   0.33302509  0.31938115  0.30365204  0.18452103]
 [ 0.18382522  0.31469956  0.31765785  0.3216065   0.31403736  0.32370835
   0.30962023  0.31087711  0.19111944  0.307306  ]]
Generation 093 | highest fitness: 0.55 | Born: 1 | prediction: 0.57
[[ 0.33334483  0.17972198  0.30692113  0.18436146  0.30219876  0.17590347
   0.33048131  0.31672817  0.30310837  0.18582897]
 [ 0.18262239  0.31249745  0.3181329   0.31991006  0.31269421  0.32226577
   0.30805836  0.30957278  0.19068167  0.3061024 ]]
Generation 094 | highest fitness: 0.57 | Born: 1 | prediction: 0.52
[[ 0.33165577  0.18004292  0.30535744  0.18399992  0.30166864  0.17790754
   0.32989333  0.31667641  0.3015757   0.18670939]
 [ 0.18307129  0.3130297   0.31942299  0.32115975  0.31134196  0.32130886
   0.30676236  0.30717636  0.19294505  0.30564612]]
Generation 095 | highest fitness: 0.57 | Born: 1 | prediction: 0.48
[[ 0.33165402  0.18145282  0.30284669  0.18417849  0.29980524  0.17936805
   0.3290489   0.31690296  0.29999339  0.18802569]
 [ 0.18405508  0.31520785  0.31751648  0.32087733  0.30834946  0.32011536
   0.30647368  0.30691965  0.19403179  0.30337082]]
Generation 096 | highest fitness: 0.52 | Born: 1 | prediction: 0.56
[[ 0.33090223  0.18332996  0.30296787  0.18447708  0.29893299  0.17920972
   0.32729932  0.31478763  0.29911877  0.18853343]
 [ 0.18465202  0.31289988  0.31837417  0.32046317  0.30637507  0.31971083
   0.30648916  0.30594632  0.19523865  0.30219735]]
Generation 097 | highest fitness: 0.56 | Born: 1 | prediction: 0.51
[[ 0.32997248  0.18330657  0.30267951  0.18445663  0.29822856  0.17927182
   0.3257037   0.31289205  0.29841165  0.18966933]
 [ 0.18565358  0.3119351   0.31732682  0.31861711  0.30359511  0.31711016
   0.30447432  0.30508868  0.19569512  0.30101403]]
Generation 098 | highest fitness: 0.56 | Born: 1 | prediction: 0.54
[[ 0.32877098  0.18288254  0.30150998  0.18352532  0.29760574  0.18013402
   0.32579382  0.31386332  0.29778694  0.19041651]
 [ 0.18664324  0.31286141  0.31582594  0.31757472  0.30205778  0.3153871
   0.3026845   0.30398907  0.19608045  0.2997368 ]]
Generation 099 | highest fitness: 0.54 | Born: 1 | prediction: 0.52
[[ 0.3280332   0.18518923  0.30146583  0.18527354  0.2959125   0.18272979
   0.32563362  0.31329611  0.29722165  0.19143925]
 [ 0.18712532  0.31214167  0.31522594  0.31751353  0.3018556   0.31617557
   0.30273736  0.30297407  0.1957581   0.29794718]]
Generation 100 | highest fitness: 0.54 | Born: 1 | prediction: 0.51
[[ 0.32760675  0.18557985  0.30121625  0.18566015  0.29611283  0.1835526
   0.32536651  0.31284651  0.29700441  0.19193605]
 [ 0.19035649  0.31035443  0.31201093  0.31495474  0.29991511  0.31641333
   0.29994624  0.30129804  0.19706318  0.2960741 ]]
Generation 101 | highest fitness: 0.54 | Born: 1 | prediction: 0.49
[[ 0.32664353  0.18605182  0.30122908  0.18613216  0.29558171  0.18400232
   0.32508151  0.31239003  0.29717815  0.19208488]
 [ 0.19171883  0.31055424  0.31061107  0.31510084  0.30028952  0.31485492
   0.29937393  0.30067787  0.19901218  0.29715642]]
Generation 102 | highest fitness: 0.51 | Born: 1 | prediction: 0.48
[[ 0.32572325  0.18646519  0.29898682  0.18654419  0.29633009  0.18532899
   0.32567736  0.31170796  0.29763408  0.19297875]
 [ 0.19110859  0.3086451   0.31034005  0.31335139  0.29977424  0.31263208
   0.29818402  0.30076297  0.19855049  0.29712816]]
Generation 103 | highest fitness: 0.51 | Born: 1 | prediction: 0.47
[[ 0.32589366  0.18654482  0.29798718  0.18759234  0.29531419  0.18613367
   0.32364504  0.31201381  0.29733593  0.19395625]
 [ 0.19335005  0.30859766  0.30938174  0.31293296  0.29813291  0.31135979
   0.29715164  0.29938848  0.19921786  0.2975544 ]]
Generation 104 | highest fitness: 0.48 | Born: 1 | prediction: 0.39
[[ 0.32391082  0.18677056  0.29829957  0.1882235   0.2951275   0.18701622
   0.32260998  0.31183156  0.29532131  0.19417158]
 [ 0.19363082  0.30958197  0.30886128  0.31234252  0.29671735  0.31080011
   0.29724469  0.2972037   0.20198832  0.29689545]]
Generation 105 | highest fitness: 0.48 | Born: 1 | prediction: 0.59
[[ 0.32226538  0.18678826  0.29645167  0.18932854  0.29492377  0.18921242
   0.32337663  0.3106095   0.2946067   0.19600939]
 [ 0.19608193  0.30795174  0.30725917  0.31032584  0.29532856  0.30916672
   0.29796869  0.29688238  0.20392178  0.29620505]]
Generation 106 | highest fitness: 0.59 | Born: 1 | prediction: 0.48
[[ 0.32374632  0.1871366   0.29674647  0.18869534  0.29478625  0.18893847
   0.32268071  0.31018434  0.29509194  0.19436229]
 [ 0.19799154  0.30815433  0.30612688  0.31050461  0.29506281  0.30901958
   0.29896923  0.29759056  0.20266323  0.29387935]]
Generation 107 | highest fitness: 0.59 | Born: 1 | prediction: 0.41
[[ 0.32395701  0.18776918  0.29751227  0.18784959  0.29253474  0.18832175
   0.32272546  0.3108602   0.29444148  0.19665316]
 [ 0.19876743  0.30854885  0.30532188  0.30908684  0.29476403  0.30786596
   0.29731394  0.29602038  0.20254185  0.2935311 ]]
Generation 108 | highest fitness: 0.59 | Born: 1 | prediction: 0.5
[[ 0.32318955  0.19012956  0.29725675  0.18977109  0.28980694  0.19080654
   0.32010075  0.30889242  0.2923258   0.19938895]
 [ 0.20045671  0.30652804  0.30445253  0.30669312  0.29085724  0.30658248
   0.29588631  0.29353436  0.20234475  0.29218147]]
Generation 109 | highest fitness: 0.5 | Born: 1 | prediction: 0.48
[[ 0.32184787  0.19065082  0.2975814   0.1922138   0.28986599  0.19246318
   0.318417    0.30782078  0.29272961  0.2008861 ]
 [ 0.20209661  0.30620502  0.30194461  0.3060508   0.28887705  0.30467496
   0.29319462  0.29404645  0.20395535  0.29081419]]
Generation 110 | highest fitness: 0.5 | Born: 1 | prediction: 0.5
[[ 0.32022176  0.19303054  0.29482857  0.19377652  0.28765007  0.19126305
   0.31685442  0.30803057  0.29203679  0.20110611]
 [ 0.20250597  0.30549711  0.30099082  0.30502789  0.28877844  0.30176956
   0.29461136  0.292908    0.20592146  0.28941254]]
Generation 111 | highest fitness: 0.5 | Born: 1 | prediction: 0.5
[[ 0.31735891  0.19458452  0.29599305  0.19353036  0.28751337  0.19320597
   0.31691063  0.30610028  0.29217908  0.20323051]
 [ 0.20358843  0.30514096  0.29846268  0.30439892  0.28893519  0.30146548
   0.29468663  0.2927277   0.20583875  0.28983979]]
Generation 112 | highest fitness: 0.5 | Born: 1 | prediction: 0.4
[[ 0.31636773  0.19539994  0.29390139  0.19407832  0.28611244  0.19517358
   0.31620903  0.30612371  0.29155842  0.20420169]
 [ 0.20543959  0.30491193  0.2965766   0.30170385  0.28756525  0.29988255
   0.29463531  0.29306374  0.20588114  0.28845449]]
Generation 113 | highest fitness: 0.5 | Born: 1 | prediction: 0.47
[[ 0.3158168   0.19571855  0.29417365  0.19594165  0.28577916  0.19663564
   0.31566123  0.30691399  0.28883968  0.20624483]
 [ 0.20636561  0.30442935  0.29503199  0.2994966   0.28496819  0.29799611
   0.29370822  0.29304396  0.20709593  0.28672988]]
Generation 114 | highest fitness: 0.47 | Born: 1 | prediction: 0.52
[[ 0.31336179  0.19712944  0.29311451  0.19768157  0.28620626  0.19669728
   0.31420841  0.30562143  0.28754514  0.20779598]
 [ 0.20690826  0.30294118  0.29462777  0.29776205  0.28375735  0.29628294
   0.29237283  0.29108469  0.20731149  0.28676065]]
Generation 115 | highest fitness: 0.52 | Born: 1 | prediction: 0.49
[[ 0.31319137  0.1978446   0.2918437   0.20063027  0.28503805  0.19713863
   0.31206389  0.30360443  0.28635705  0.20891315]
 [ 0.20811117  0.30175188  0.29248017  0.29739668  0.28143012  0.29704491
   0.29393683  0.28826371  0.20777291  0.28768699]]
Generation 116 | highest fitness: 0.52 | Born: 1 | prediction: 0.39
[[ 0.31331084  0.20008407  0.29110824  0.20401786  0.283516    0.19849517
   0.30951889  0.30268321  0.28660235  0.20889158]
 [ 0.20853334  0.29995678  0.29152879  0.29601887  0.27858031  0.29740477
   0.29365451  0.28876654  0.21131809  0.28716003]]
Generation 117 | highest fitness: 0.52 | Born: 1 | prediction: 0.5
[[ 0.31225753  0.20195436  0.29111753  0.20408966  0.28261178  0.20004528
   0.30818205  0.30457958  0.28703321  0.21096194]
 [ 0.21013635  0.29875959  0.29148726  0.29409383  0.27923488  0.29650251
   0.29280304  0.28850202  0.21288339  0.28535494]]
Generation 118 | highest fitness: 0.5 | Born: 1 | prediction: 0.4
[[ 0.31110966  0.20171527  0.28864469  0.205691    0.28371999  0.19983116
   0.30601985  0.30406594  0.28674906  0.21193959]
 [ 0.21050997  0.29810826  0.28948795  0.29234701  0.27770873  0.29559351
   0.29049299  0.28654704  0.21321621  0.28490268]]
Generation 119 | highest fitness: 0.5 | Born: 1 | prediction: 0.45
[[ 0.30867361  0.20425347  0.28681321  0.20703366  0.28224335  0.20182671
   0.30507994  0.30372332  0.28551403  0.21290855]
 [ 0.2118234   0.29725541  0.28729395  0.2921658   0.27686175  0.29595172
   0.28945838  0.28586388  0.21507699  0.28336305]]
Generation 120 | highest fitness: 0.5 | Born: 1 | prediction: 0.3
[[ 0.30771938  0.20644953  0.28505284  0.20831326  0.28084773  0.20231975
   0.30418416  0.30488251  0.28377479  0.21467344]
 [ 0.21202363  0.29634837  0.28504318  0.29073558  0.27680816  0.29417786
   0.28983066  0.28451535  0.21523506  0.2832252 ]]
Generation 121 | highest fitness: 0.45 | Born: 1 | prediction: 0.47
[[ 0.3054931   0.20834669  0.28478618  0.20935848  0.28008667  0.2034459
   0.30338357  0.3035213   0.28352539  0.21590836]
 [ 0.21267549  0.29512212  0.28458496  0.28720998  0.2752828   0.2911961
   0.28929967  0.28227664  0.21673234  0.28219845]]
Generation 122 | highest fitness: 0.47 | Born: 1 | prediction: 0.39
[[ 0.30344634  0.2099174   0.28331208  0.21007089  0.27811597  0.20367878
   0.30221055  0.30065822  0.28319444  0.21652863]
 [ 0.21363508  0.29291113  0.28337935  0.28596695  0.27392471  0.29132158
   0.28745673  0.28081887  0.21592372  0.28045673]]
Generation 123 | highest fitness: 0.47 | Born: 1 | prediction: 0.39
[[ 0.30238783  0.21050118  0.28310699  0.21149271  0.27798656  0.20491361
   0.30060986  0.29823987  0.28131054  0.2175763 ]
 [ 0.21467461  0.29233947  0.28126943  0.2854878   0.27332844  0.29021602
   0.28723527  0.27929814  0.21748785  0.27977345]]
Generation 124 | highest fitness: 0.39 | Born: 1 | prediction: 0.45
[[ 0.3023805   0.21294191  0.28089776  0.21253896  0.27612822  0.20550411
   0.30145651  0.29663726  0.2788516   0.21936154]
 [ 0.21492492  0.29131108  0.28038411  0.28427299  0.27392061  0.29031496
   0.28627285  0.27898824  0.21935163  0.27945741]]
Generation 125 | highest fitness: 0.45 | Born: 1 | prediction: 0.41
[[ 0.30251329  0.21233465  0.27939873  0.21412412  0.27551196  0.2066348
   0.30023448  0.29520508  0.2779262   0.22085717]
 [ 0.21654538  0.29099161  0.27883152  0.28405535  0.27301803  0.28834044
   0.28574803  0.27912531  0.2206298   0.27763998]]
Generation 126 | highest fitness: 0.45 | Born: 1 | prediction: 0.34
[[ 0.30093679  0.21330808  0.27785814  0.21480309  0.27375219  0.20768385
   0.29868821  0.29291334  0.2769466   0.22144682]
 [ 0.21571705  0.28994645  0.27659445  0.2833786   0.27113378  0.28787635
   0.28613633  0.2771563   0.22192187  0.27596372]]
Generation 127 | highest fitness: 0.45 | Born: 1 | prediction: 0.4
[[ 0.29958248  0.21404539  0.27738574  0.2168868   0.27169764  0.20795549
   0.29736651  0.291949    0.2762138   0.22261333]
 [ 0.21674264  0.28871735  0.27500081  0.28090345  0.26960831  0.28720431
   0.28628284  0.27768052  0.22207318  0.27623722]]
Generation 128 | highest fitness: 0.41 | Born: 1 | prediction: 0.37
[[ 0.29877691  0.21562852  0.27690947  0.21898761  0.27102583  0.2087892
   0.29491427  0.2904169   0.27407539  0.22322958]
 [ 0.21716191  0.28696688  0.27455566  0.28039413  0.26829678  0.28593278
   0.28502132  0.27628125  0.22243452  0.27508489]]
Generation 129 | highest fitness: 0.4 | Born: 1 | prediction: 0.37
[[ 0.2966539   0.21686725  0.27591337  0.2196362   0.26984327  0.20985519
   0.29338865  0.28976875  0.27203616  0.22517203]
 [ 0.21711083  0.28462112  0.27309587  0.2798555   0.26789872  0.28532978
   0.28368717  0.27455416  0.22232216  0.2743607 ]]
Generation 130 | highest fitness: 0.4 | Born: 1 | prediction: 0.39
[[ 0.29516222  0.21845876  0.27513949  0.21996545  0.26987454  0.21102985
   0.29193238  0.28859817  0.27105787  0.22568771]
 [ 0.21811261  0.28359406  0.27301937  0.28020181  0.26607281  0.28272782
   0.28319525  0.2736741   0.22324784  0.2732227 ]]
Generation 131 | highest fitness: 0.4 | Born: 1 | prediction: 0.46
[[ 0.29490477  0.2182991   0.2743294   0.2200493   0.26860327  0.21408507
   0.29040798  0.28685123  0.27055542  0.2259667 ]
 [ 0.21805846  0.28109743  0.27193568  0.27926915  0.26508741  0.28074877
   0.28297823  0.27308647  0.22463701  0.27289412]]
Generation 132 | highest fitness: 0.46 | Born: 1 | prediction: 0.41
[[ 0.29493788  0.21966159  0.27411731  0.21949331  0.26964191  0.21596931
   0.28930441  0.28507523  0.26896122  0.22558206]
 [ 0.21869911  0.27928837  0.27130297  0.28010802  0.26376314  0.28051808
   0.28061854  0.27191327  0.22466173  0.27224809]]
Generation 133 | highest fitness: 0.46 | Born: 1 | prediction: 0.37
[[ 0.29340633  0.22057009  0.27374198  0.21947076  0.26838173  0.21621777
   0.28806651  0.28388271  0.2686412   0.22642704]
 [ 0.22023411  0.27902018  0.27089373  0.27883697  0.26271095  0.27899356
   0.27934065  0.27025601  0.22562094  0.27108229]]
Generation 134 | highest fitness: 0.46 | Born: 1 | prediction: 0.42
[[ 0.29082069  0.22019095  0.27287321  0.21886563  0.26806884  0.21782729
   0.28748309  0.28239236  0.26784253  0.22958398]
 [ 0.22060912  0.27804023  0.27097991  0.27810407  0.2619029   0.2780139
   0.27737685  0.26912331  0.22667453  0.26920553]]
Generation 135 | highest fitness: 0.42 | Born: 1 | prediction: 0.34
[[ 0.28961709  0.22126001  0.27212384  0.22042079  0.2662034   0.21939513
   0.28726009  0.28058688  0.26715463  0.23053828]
 [ 0.22071165  0.27620672  0.27072856  0.27851615  0.2617603   0.27842706
   0.27729846  0.26789582  0.22720358  0.26772746]]
Generation 136 | highest fitness: 0.42 | Born: 1 | prediction: 0.36
[[ 0.28728026  0.22207173  0.27115975  0.22193951  0.26577539  0.22069396
   0.28611317  0.27905599  0.26601827  0.23100564]
 [ 0.221045    0.2766198   0.26930703  0.27653175  0.26138932  0.27596942
   0.27556503  0.26650654  0.2269888   0.26728857]]
Generation 137 | highest fitness: 0.42 | Born: 1 | prediction: 0.34
[[ 0.28611762  0.2232309   0.26996965  0.22188945  0.26611019  0.2204183
   0.28520827  0.27679191  0.26417007  0.23277239]
 [ 0.22270454  0.27533793  0.26857318  0.27454492  0.2612099   0.27516504
   0.27405903  0.26580234  0.2285854   0.26610551]]
Generation 138 | highest fitness: 0.37 | Born: 1 | prediction: 0.34
[[ 0.2841516   0.22358189  0.2691112   0.22225512  0.26715582  0.22080006
   0.28348493  0.27655704  0.26314232  0.23394995]
 [ 0.22415451  0.27426322  0.26828435  0.27348005  0.25984242  0.27409247
   0.27323418  0.26390992  0.23019644  0.26444332]]
Generation 139 | highest fitness: 0.37 | Born: 1 | prediction: 0.33
[[ 0.28324119  0.22478735  0.26760634  0.22322473  0.26791569  0.22153513
   0.28308016  0.27572428  0.26219733  0.23554821]
 [ 0.22475897  0.27378801  0.26723249  0.27192575  0.25933471  0.27274813
   0.27364352  0.26226078  0.23137674  0.26300515]]
Generation 140 | highest fitness: 0.35 | Born: 1 | prediction: 0.42
[[ 0.28282901  0.22492137  0.26673086  0.22479529  0.26784985  0.22291834
   0.28368515  0.27578861  0.26096613  0.23558168]
 [ 0.22472655  0.27147218  0.26713058  0.27058045  0.25886039  0.271629
   0.27203958  0.26103901  0.23125974  0.2613005 ]]
Generation 141 | highest fitness: 0.43 | Born: 1 | prediction: 0.43
[[ 0.28165894  0.22507402  0.26596727  0.22518283  0.26660716  0.22379313
   0.28344005  0.27562834  0.26049801  0.23608689]
 [ 0.22579047  0.27089056  0.26616283  0.27066545  0.258209    0.27082682
   0.27101386  0.2599245   0.2320278   0.2606203 ]]
Generation 142 | highest fitness: 0.43 | Born: 1 | prediction: 0.33
[[ 0.28057257  0.2259726   0.26505487  0.22653274  0.26568767  0.22470592
   0.283239    0.27460883  0.26055132  0.23686337]
 [ 0.22524287  0.2698422   0.26582009  0.2698373   0.25795458  0.26977918
   0.27083497  0.25834478  0.23271719  0.26055681]]
Generation 143 | highest fitness: 0.43 | Born: 1 | prediction: 0.42
[[ 0.27993888  0.22641455  0.26410704  0.22841661  0.26521563  0.22540295
   0.28209368  0.27379857  0.25989372  0.23887639]
 [ 0.22556184  0.26967569  0.26450986  0.26848334  0.25752163  0.26842585
   0.26966806  0.25770967  0.23315272  0.25930387]]
Generation 144 | highest fitness: 0.43 | Born: 1 | prediction: 0.25
[[ 0.27888164  0.22721986  0.26358785  0.230112    0.26413712  0.22494254
   0.28046566  0.27171414  0.25942065  0.23936292]
 [ 0.22579074  0.26878892  0.26390563  0.26760773  0.25604621  0.26755078
   0.26807887  0.25670081  0.23471549  0.25921672]]
Generation 145 | highest fitness: 0.42 | Born: 1 | prediction: 0.46
[[ 0.27709358  0.22842765  0.26257114  0.23129258  0.26332437  0.22575349
   0.27970838  0.27062094  0.25907057  0.23961988]
 [ 0.22785895  0.26710884  0.26163596  0.26615753  0.2564601   0.26696467
   0.26640723  0.25581181  0.23516676  0.25786614]]
Generation 146 | highest fitness: 0.47 | Born: 1 | prediction: 0.26
[[ 0.27754114  0.23033153  0.26143323  0.23206385  0.2619578   0.22527215
   0.27792768  0.26960724  0.25907281  0.24051208]
 [ 0.23004834  0.26788169  0.26079604  0.26548246  0.25671047  0.26649002
   0.26489717  0.25502765  0.23562101  0.2574786 ]]
Generation 147 | highest fitness: 0.47 | Born: 1 | prediction: 0.32
[[ 0.27587698  0.23048783  0.25906598  0.23329648  0.26067984  0.22635867
   0.27582141  0.26846618  0.25782579  0.24296795]
 [ 0.23153471  0.2677247   0.2604876   0.26298296  0.25573999  0.26468979
   0.26477628  0.25455182  0.23585421  0.25697313]]
Generation 148 | highest fitness: 0.47 | Born: 1 | prediction: 0.37
[[ 0.27577364  0.23064442  0.25765529  0.23441886  0.2597497   0.22880552
   0.2757187   0.26769801  0.25717701  0.24423114]
 [ 0.23330291  0.26758637  0.26042523  0.26213106  0.25610912  0.26343831
   0.26390556  0.25359758  0.23776791  0.25542097]]
Generation 149 | highest fitness: 0.38 | Born: 1 | prediction: 0.32
[[ 0.27542975  0.23123512  0.25645174  0.23432859  0.25894813  0.23005538
   0.27601384  0.2670196   0.25576605  0.24466861]
 [ 0.2350947   0.26648042  0.25938602  0.26127427  0.25630008  0.26336263
   0.26303223  0.25282033  0.23852647  0.25423009]]
Generation 150 | highest fitness: 0.38 | Born: 1 | prediction: 0.39
[[ 0.27414456  0.23203865  0.25576201  0.23552361  0.25802529  0.23044974
   0.27535335  0.26560209  0.25508265  0.24450785]
 [ 0.23646447  0.26529339  0.25787778  0.26014567  0.25562813  0.26301224
   0.26248514  0.25218744  0.23965731  0.25358137]]
Generation 151 | highest fitness: 0.39 | Born: 1 | prediction: 0.27
[[ 0.27327182  0.23249133  0.25525725  0.235406    0.25714097  0.23109692
   0.27322147  0.26374902  0.25458491  0.245366  ]
 [ 0.2382018   0.26427527  0.25619886  0.25795177  0.25470978  0.26201767
   0.26125023  0.25204197  0.23988697  0.25243837]]
Generation 152 | highest fitness: 0.39 | Born: 1 | prediction: 0.31
[[ 0.2725088   0.23260833  0.25415898  0.23702229  0.25724512  0.23198262
   0.27276254  0.26304964  0.25409864  0.24676386]
 [ 0.24001544  0.26324073  0.25528747  0.25646906  0.25300423  0.26020068
   0.25944494  0.25092167  0.24167492  0.25240119]]
Generation 153 | highest fitness: 0.39 | Born: 1 | prediction: 0.36
[[ 0.27128549  0.23257979  0.25308785  0.23799378  0.25649395  0.23334145
   0.27274654  0.2624231   0.25285524  0.24730902]
 [ 0.23963428  0.26203387  0.25392967  0.25432323  0.2524492   0.2582623
   0.25803149  0.2496223   0.24075672  0.24979499]]
Generation 154 | highest fitness: 0.39 | Born: 1 | prediction: 0.31
[[ 0.27072807  0.23371517  0.2528465   0.23891306  0.25605219  0.23394958
   0.27148262  0.2612399   0.25244194  0.248503  ]
 [ 0.24135498  0.26092077  0.25292902  0.25432631  0.2502076   0.25644463
   0.25722622  0.24868143  0.24145266  0.24885171]]
Generation 155 | highest fitness: 0.37 | Born: 1 | prediction: 0.35
[[ 0.27012867  0.23473269  0.25192576  0.23914295  0.25585856  0.23481537
   0.27087778  0.26115895  0.25227431  0.24911393]
 [ 0.24399599  0.25951354  0.25112135  0.25275302  0.2484357   0.25585446
   0.25662577  0.24743506  0.24358691  0.24735037]]
Generation 156 | highest fitness: 0.38 | Born: 1 | prediction: 0.44
[[ 0.26971632  0.23600195  0.2501131   0.24015111  0.25522124  0.23628789
   0.27004713  0.25943176  0.25045716  0.25040239]
 [ 0.24436757  0.25940012  0.25125484  0.25212147  0.24802267  0.25463604
   0.25615564  0.24665217  0.24490342  0.24637966]]
Generation 157 | highest fitness: 0.44 | Born: 1 | prediction: 0.38
[[ 0.26839912  0.23615078  0.24878282  0.23936978  0.25339363  0.23687671
   0.26872641  0.25866694  0.25000927  0.25106265]
 [ 0.2447468   0.25816154  0.25124405  0.25160705  0.24787429  0.2541
   0.2544488   0.24635018  0.24560882  0.24541845]]
Generation 158 | highest fitness: 0.44 | Born: 1 | prediction: 0.39
[[ 0.26763561  0.23648715  0.24879573  0.24175583  0.25411539  0.23720537
   0.26739111  0.25800667  0.24963029  0.2516197 ]
 [ 0.24634293  0.25731625  0.25123344  0.25139943  0.24828025  0.25270762
   0.25363518  0.24560567  0.24603411  0.24371231]]
Generation 159 | highest fitness: 0.42 | Born: 1 | prediction: 0.36
[[ 0.26733223  0.23683721  0.24832131  0.2423676   0.25301161  0.23784754
   0.26649556  0.2568769   0.24840803  0.25157177]
 [ 0.24768762  0.25579857  0.25053833  0.25045539  0.2463918   0.25149915
   0.25192076  0.24474023  0.24688963  0.24163916]]
Generation 160 | highest fitness: 0.42 | Born: 1 | prediction: 0.37
[[ 0.26576798  0.2378423   0.24713636  0.24436655  0.25241066  0.23863487
   0.26493881  0.25603257  0.2472223   0.25244463]
 [ 0.2495853   0.2547269   0.25048443  0.25001832  0.24619125  0.25009047
   0.25069951  0.24378961  0.24975623  0.24033841]]
Generation 161 | highest fitness: 0.41 | Born: 1 | prediction: 0.44
[[ 0.26405601  0.23881439  0.24701228  0.24487358  0.25082527  0.23939783
   0.26343631  0.25501771  0.24608931  0.25368159]
 [ 0.25093637  0.25411837  0.24921964  0.24893166  0.24566137  0.24848163
   0.24960657  0.24362953  0.25023653  0.23968861]]
Generation 162 | highest fitness: 0.5 | Born: 1 | prediction: 0.45
[[ 0.262754    0.24020425  0.24542176  0.24451044  0.25063545  0.24102172
   0.26214132  0.25285538  0.24450923  0.25394075]
 [ 0.25148307  0.2539476   0.24884644  0.24774604  0.2453101   0.24799667
   0.24888205  0.2434071   0.25078756  0.23902522]]
Generation 163 | highest fitness: 0.5 | Born: 1 | prediction: 0.47
[[ 0.26247512  0.24142237  0.24465859  0.24482963  0.24982412  0.24137313
   0.26057935  0.25223834  0.24418406  0.255032  ]
 [ 0.25268746  0.25205486  0.24736762  0.24573648  0.24440978  0.24706868
   0.24794493  0.24361052  0.25199911  0.2387317 ]]
Generation 164 | highest fitness: 0.58 | Born: 1 | prediction: 0.58
[[ 0.2614125   0.24274719  0.24396185  0.24572432  0.24828253  0.24230017
   0.25953449  0.25067415  0.24329263  0.2566277 ]
 [ 0.25263584  0.25134994  0.24630076  0.24494407  0.24362662  0.24666161
   0.24753175  0.24322755  0.25313616  0.23811966]]
Generation 165 | highest fitness: 0.61 | Born: 1 | prediction: 0.46
[[ 0.26051406  0.24459166  0.24304026  0.24678     0.24605464  0.24365039
   0.25741033  0.25041537  0.24187969  0.25804168]
 [ 0.25293842  0.25102717  0.24610878  0.24433776  0.24281637  0.24646785
   0.24670178  0.24252465  0.25312039  0.23744256]]
Generation 166 | highest fitness: 0.61 | Born: 1 | prediction: 0.65
[[ 0.25952796  0.24485486  0.24227438  0.24760696  0.24538605  0.24518839
   0.25667361  0.24995137  0.24123615  0.25822418]
 [ 0.25507556  0.25036577  0.24441518  0.24461234  0.24137267  0.24628754
   0.24651795  0.24151761  0.25438821  0.23692187]]
Generation 167 | highest fitness: 0.64 | Born: 1 | prediction: 0.59
[[ 0.25860788  0.24552361  0.24153792  0.24988374  0.24441182  0.24626296
   0.25557925  0.2487239   0.23989676  0.26059261]
 [ 0.25564301  0.24990994  0.24354932  0.24419824  0.24098204  0.24646552
   0.24654319  0.2405217   0.25526275  0.23656352]]
Generation 168 | highest fitness: 0.64 | Born: 1 | prediction: 0.6
[[ 0.25867667  0.24572677  0.24094367  0.25129963  0.24336889  0.24687769
   0.25505039  0.24721751  0.23869061  0.26001225]
 [ 0.25591793  0.24910496  0.24264967  0.24385439  0.24052106  0.24596536
   0.24506172  0.23950358  0.25582061  0.23543357]]
Generation 169 | highest fitness: 0.63 | Born: 1 | prediction: 0.69
[[ 0.25796094  0.24634893  0.24010469  0.25188221  0.24263727  0.24736709
   0.2546096   0.24645857  0.23799222  0.26028378]
 [ 0.2561323   0.24744441  0.24083356  0.2424578   0.240232    0.24519522
   0.24473061  0.23814727  0.25582055  0.23368428]]
Generation 170 | highest fitness: 0.71 | Born: 1 | prediction: 0.65
[[ 0.25790325  0.24749002  0.23989771  0.25298321  0.24241195  0.24780416
   0.25374022  0.24564824  0.23780055  0.26090592]
 [ 0.25767577  0.24606686  0.24032078  0.24072758  0.23912409  0.2440396
   0.24377976  0.23685911  0.2565658   0.23203842]]
Generation 171 | highest fitness: 0.71 | Born: 1 | prediction: 0.68
[[ 0.25675549  0.24792706  0.23889981  0.25470621  0.24122666  0.24790567
   0.25246065  0.24510185  0.2368201   0.26156421]
 [ 0.25878458  0.24456154  0.23941142  0.23945195  0.23858816  0.24291523
   0.2435642   0.23579983  0.25732209  0.23066026]]
Generation 172 | highest fitness: 0.7 | Born: 1 | prediction: 0.66
[[ 0.2563288   0.24942985  0.2376904   0.25522496  0.23999823  0.2486657
   0.25225479  0.24384177  0.23581342  0.26221264]
 [ 0.25941527  0.24348493  0.23851507  0.23855528  0.23741845  0.24171162
   0.24249541  0.23563128  0.25880365  0.23025217]]
Generation 173 | highest fitness: 0.69 | Born: 1 | prediction: 0.79
[[ 0.25554407  0.25093147  0.23692472  0.25681658  0.23976989  0.25003457
   0.25136543  0.24302385  0.23562062  0.26277028]
 [ 0.26018117  0.24200633  0.23766646  0.23770636  0.23638103  0.24143019
   0.24102442  0.23539662  0.25957425  0.23025615]]
Generation 174 | highest fitness: 0.79 | Born: 1 | prediction: 0.71
[[ 0.25416695  0.25142188  0.23620693  0.25808691  0.23935982  0.2520281
   0.25052287  0.24291797  0.23424949  0.26349071]
 [ 0.26111173  0.24106076  0.23703649  0.23693321  0.23590279  0.2407744
   0.24037142  0.2344964   0.26050898  0.22939119]]
Generation 175 | highest fitness: 0.79 | Born: 1 | prediction: 0.64
[[ 0.25338757  0.25249556  0.23572001  0.25978077  0.23868411  0.25326425
   0.24943557  0.24221734  0.23344285  0.26247932]
 [ 0.26167453  0.24047958  0.23605146  0.23638696  0.2352193   0.24004967
   0.23935815  0.23367884  0.26239063  0.2289088 ]]
Generation 176 | highest fitness: 0.79 | Born: 1 | prediction: 0.7
[[ 0.25267889  0.25339869  0.23498978  0.2615895   0.23760961  0.25416134
   0.24811605  0.2407941   0.23337245  0.26330395]
 [ 0.26161677  0.24026814  0.23587778  0.23587599  0.23371498  0.2390058
   0.23882184  0.23268931  0.26249398  0.2284616 ]]
Generation 177 | highest fitness: 0.71 | Born: 1 | prediction: 0.73
[[ 0.25145952  0.25308975  0.23339517  0.26285099  0.23672309  0.25604697
   0.2469419   0.23895846  0.23216089  0.26418142]
 [ 0.26218606  0.23982994  0.23532502  0.2357539   0.23332     0.23828879
   0.23781895  0.23244468  0.26363172  0.22752713]]
Generation 178 | highest fitness: 0.73 | Born: 1 | prediction: 0.75
[[ 0.25015728  0.25370035  0.23293642  0.26310959  0.23594942  0.25693626
   0.24640503  0.23831977  0.23141353  0.26413661]
 [ 0.26251611  0.23841058  0.23378639  0.23421096  0.23245938  0.23836517
   0.23674872  0.23109942  0.26394726  0.22656016]]
Generation 179 | highest fitness: 0.75 | Born: 1 | prediction: 0.76
[[ 0.24985511  0.25559515  0.23194997  0.26456551  0.23476067  0.25793947
   0.24511033  0.23710699  0.23061427  0.26644093]
 [ 0.26341398  0.23801111  0.23341421  0.23354835  0.23151918  0.237822
   0.2357832   0.23045518  0.26512461  0.22608667]]
Generation 180 | highest fitness: 0.75 | Born: 1 | prediction: 0.81
[[ 0.248508    0.25746145  0.23098871  0.26517903  0.23319109  0.25900981
   0.24362175  0.23628277  0.22947476  0.26799755]
 [ 0.26333438  0.23754278  0.23310803  0.23337624  0.23081964  0.23708506
   0.23505836  0.23003168  0.26543946  0.22528449]]
Generation 181 | highest fitness: 0.81 | Born: 1 | prediction: 0.8
[[ 0.24762722  0.25770817  0.22982993  0.2659017   0.23280932  0.25937808
   0.24290583  0.23627611  0.22872208  0.26936112]
 [ 0.26426796  0.23652606  0.23212458  0.23193139  0.22939397  0.23607177
   0.23360088  0.22937758  0.26635725  0.22466601]]
Generation 182 | highest fitness: 0.84 | Born: 1 | prediction: 0.76
[[ 0.2472701   0.25894206  0.22911666  0.26723576  0.23156952  0.25992881
   0.24225269  0.23567735  0.22768316  0.2696626 ]
 [ 0.26573946  0.23558916  0.23199503  0.2310307   0.22820422  0.23498392
   0.23268704  0.22834249  0.26812134  0.22335899]]
Generation 183 | highest fitness: 0.84 | Born: 1 | prediction: 0.7
[[ 0.246419    0.25955926  0.22825601  0.2677985   0.23107899  0.26079701
   0.24117705  0.23451613  0.22683192  0.27033815]
 [ 0.26716163  0.23518623  0.23082803  0.2295544   0.2278586   0.23379372
   0.23167306  0.22752062  0.26841628  0.22289259]]
Generation 184 | highest fitness: 0.84 | Born: 1 | prediction: 0.75
[[ 0.24585353  0.26031416  0.22752035  0.26975489  0.23016201  0.26185893
   0.24001991  0.23357136  0.22610778  0.27116443]
 [ 0.26759937  0.23450556  0.23063079  0.22906565  0.22738241  0.23312329
   0.23086781  0.22614421  0.2691456   0.22230255]]
Generation 185 | highest fitness: 0.84 | Born: 1 | prediction: 0.76
[[ 0.24560931  0.260419    0.22758684  0.2693833   0.22957526  0.26270122
   0.23916761  0.23296645  0.22532957  0.27174411]
 [ 0.26794489  0.23413759  0.22945101  0.22747599  0.22645055  0.23170364
   0.2296855   0.22501227  0.27054105  0.22121158]]
Generation 186 | highest fitness: 0.77 | Born: 1 | prediction: 0.78
[[ 0.2449581   0.2613286   0.22704394  0.27023902  0.22913826  0.26359711
   0.23843727  0.23239122  0.22491808  0.27176073]
 [ 0.2686614   0.23333252  0.22897393  0.22642473  0.2259951   0.2306219
   0.22847121  0.22427298  0.27109174  0.22079389]]
Generation 187 | highest fitness: 0.78 | Born: 1 | prediction: 0.74
[[ 0.24359681  0.26231298  0.22631226  0.27099127  0.22855536  0.26456431
   0.23745466  0.2314544   0.22436715  0.27250146]
 [ 0.2695014   0.23286674  0.22853861  0.22536029  0.22532182  0.22952814
   0.22752186  0.22412927  0.27178538  0.22015695]]
Generation 188 | highest fitness: 0.78 | Born: 1 | prediction: 0.81
[[ 0.24215816  0.26301174  0.22512912  0.27200478  0.22773499  0.26524627
   0.23656787  0.23073891  0.22332503  0.27312418]
 [ 0.269845    0.23294645  0.22759258  0.22478955  0.22439903  0.22857497
   0.22658317  0.22321509  0.27316948  0.21997612]]
Generation 189 | highest fitness: 0.81 | Born: 1 | prediction: 0.72
[[ 0.24128601  0.26493633  0.2242497   0.2725957   0.22683269  0.26621021
   0.23527432  0.22965339  0.22214779  0.27480311]
 [ 0.27033242  0.23220831  0.22688226  0.22468434  0.22382341  0.22750522
   0.2258781   0.22264563  0.2734034   0.21930539]]
Generation 190 | highest fitness: 0.81 | Born: 1 | prediction: 0.82
[[ 0.2407964   0.26614893  0.22320611  0.27306396  0.22559785  0.26655636
   0.23431707  0.2283968   0.22112041  0.27491165]
 [ 0.27131335  0.23180318  0.22661602  0.22421624  0.2233604   0.22723529
   0.22529553  0.22197474  0.2744736   0.21886907]]
Generation 191 | highest fitness: 0.82 | Born: 1 | prediction: 0.83
[[ 0.23948555  0.26724561  0.2228381   0.27378443  0.22456278  0.26829922
   0.2330546   0.22799004  0.22028107  0.27610523]
 [ 0.27135284  0.2307265   0.22602354  0.2235253   0.22278781  0.22697841
   0.22493737  0.22141061  0.27472005  0.21832391]]
Generation 192 | highest fitness: 0.83 | Born: 1 | prediction: 0.79
[[ 0.23920514  0.26790017  0.22224698  0.27439715  0.22354342  0.26922517
   0.23309347  0.2272269   0.21942817  0.27712031]
 [ 0.27270911  0.23007397  0.22504279  0.22279972  0.22242558  0.22587197
   0.22408316  0.22081821  0.27545694  0.21787097]]
Generation 193 | highest fitness: 0.83 | Born: 1 | prediction: 0.81
[[ 0.23846479  0.26793829  0.2212098   0.2749583   0.22220884  0.27068866
   0.23153989  0.22600681  0.21870041  0.27952653]
 [ 0.27345498  0.22911647  0.22450541  0.22253591  0.22190353  0.22493909
   0.22290034  0.21991495  0.27592629  0.2172454 ]]
Generation 194 | highest fitness: 0.82 | Born: 1 | prediction: 0.89
[[ 0.23761712  0.26873609  0.22035229  0.27598988  0.22105508  0.27103234
   0.23016922  0.22511193  0.21829514  0.2803783 ]
 [ 0.27448224  0.22807284  0.22376798  0.22139575  0.22173638  0.2241989
   0.22258841  0.21920675  0.27693782  0.21613892]]
Generation 195 | highest fitness: 0.89 | Born: 1 | prediction: 0.72
[[ 0.23651054  0.26892161  0.21949112  0.27721304  0.22005395  0.27242254
   0.2295165   0.22503332  0.21717611  0.28089613]
 [ 0.27568195  0.22749262  0.22322015  0.22043995  0.22106189  0.22308008
   0.22119783  0.21812548  0.27797712  0.21522267]]
Generation 196 | highest fitness: 0.89 | Born: 1 | prediction: 0.84
[[ 0.23576653  0.26962937  0.21872167  0.27814348  0.21941975  0.27255094
   0.22854116  0.2250609   0.21586611  0.28180199]
 [ 0.27632805  0.22723919  0.22285898  0.22009881  0.22030073  0.22271993
   0.22043569  0.21738548  0.2787452   0.21464208]]
Generation 197 | highest fitness: 0.89 | Born: 1 | prediction: 0.86
[[ 0.23463479  0.27063825  0.21712917  0.27846995  0.21827763  0.27383877
   0.22731993  0.22463057  0.21536337  0.28316174]
 [ 0.27732735  0.22628256  0.22278723  0.21930307  0.21925773  0.22215651
   0.21988436  0.2168503   0.27936241  0.21399833]]
117.61
done
