starting
Generation 000 | highest fitness: 0.82 | Born: 1 | prediction: 0.82
[[ 0.18181818  0.          0.45454545  0.          0.09090909  0.
   0.18181818  0.36363636  0.45454545  0.        ]
 [ 0.          0.27272727  0.27272727  0.36363636  0.27272727  0.54545455
   0.45454545  0.54545455  0.18181818  0.63636364]]
Generation 001 | highest fitness: 0.86 | Born: 1 | prediction: 0.79
[[ 0.4         0.1027027   0.35135135  0.14054054  0.33513514  0.09189189
   0.43783784  0.44324324  0.41621622  0.10810811]
 [ 0.10948905  0.37956204  0.48905109  0.35766423  0.41605839  0.38686131
   0.46715328  0.39416058  0.09489051  0.35036496]]
Generation 002 | highest fitness: 0.86 | Born: 1 | prediction: 0.81
[[ 0.39821029  0.09395973  0.39821029  0.13646532  0.36912752  0.10290828
   0.4787472   0.45637584  0.41610738  0.12304251]
 [ 0.12        0.41866667  0.42666667  0.36        0.424       0.41333333
   0.464       0.38666667  0.12        0.312     ]]
Generation 003 | highest fitness: 0.82 | Born: 1 | prediction: 0.76
[[ 0.37735849  0.09433962  0.43160377  0.12971698  0.38915094  0.12735849
   0.49764151  0.46698113  0.41273585  0.12735849]
 [ 0.11809045  0.4321608   0.40452261  0.35427136  0.41959799  0.41959799
   0.42713568  0.42964824  0.13567839  0.35427136]]
Generation 004 | highest fitness: 0.82 | Born: 1 | prediction: 0.82
[[ 0.3660186   0.10143702  0.40321217  0.13186813  0.38207946  0.10989011
   0.46407439  0.45646661  0.43195266  0.13524937]
 [ 0.10272169  0.41966637  0.42405619  0.35381914  0.41000878  0.39596137
   0.41176471  0.41527656  0.13871817  0.36084284]]
Generation 005 | highest fitness: 0.83 | Born: 1 | prediction: 0.82
[[ 0.34188034  0.09401709  0.36111111  0.11965812  0.39316239  0.1025641
   0.41880342  0.41666667  0.41025641  0.13247863]
 [ 0.09911894  0.4030837   0.40969163  0.37665198  0.41189427  0.36784141
   0.39867841  0.42511013  0.12334802  0.38105727]]
Generation 006 | highest fitness: 0.83 | Born: 1 | prediction: 0.82
[[ 0.34394904  0.09645132  0.36487716  0.12192903  0.3921747   0.11464968
   0.42038217  0.43130118  0.41492266  0.11373976]
 [ 0.1103843   0.36631235  0.39165985  0.37939493  0.39983647  0.37694195
   0.36385936  0.43172527  0.10466067  0.4268193 ]]
Generation 007 | highest fitness: 0.83 | Born: 1 | prediction: 0.76
[[ 0.33251003  0.09416487  0.36245755  0.10929299  0.40969435  0.115159
   0.40259339  0.40691571  0.39487496  0.10311825]
 [ 0.10479472  0.3809934   0.39908125  0.37984496  0.42176285  0.38989377
   0.37754809  0.43841516  0.11599196  0.41803043]]
Generation 008 | highest fitness: 0.83 | Born: 1 | prediction: 0.86
[[ 0.33246159  0.10264792  0.36024845  0.10787839  0.41549526  0.1242236
   0.39130435  0.39980386  0.38640078  0.11833933]
 [ 0.10193474  0.38608143  0.37424199  0.37712966  0.4161132   0.37828472
   0.38001733  0.4536529   0.12272596  0.41813457]]
Generation 009 | highest fitness: 0.86 | Born: 1 | prediction: 0.83
[[ 0.34479371  0.10746562  0.39803536  0.09862475  0.39882122  0.12416503
   0.39273084  0.41453831  0.39174853  0.11591356]
 [ 0.09939985  0.38915979  0.38990998  0.38634659  0.40510128  0.38222056
   0.38747187  0.4307952   0.11571643  0.41710428]]
Generation 010 | highest fitness: 0.86 | Born: 1 | prediction: 0.73
[[ 0.35608309  0.11090504  0.42804154  0.09569733  0.39094955  0.11498516
   0.39354599  0.40801187  0.39057864  0.1175816 ]
 [ 0.10528247  0.38811445  0.39655172  0.38701394  0.39985326  0.38187821
   0.38628026  0.41269259  0.11078503  0.41929567]]
Generation 011 | highest fitness: 0.83 | Born: 1 | prediction: 0.8
[[ 0.36587486  0.12253766  0.44669757  0.09878331  0.40382387  0.1193511
   0.3603708   0.3873117   0.38702202  0.12543453]
 [ 0.11152738  0.38962536  0.34985591  0.35994236  0.38962536  0.35417867
   0.40028818  0.41383285  0.12853026  0.42622478]]
Generation 012 | highest fitness: 0.8 | Born: 1 | prediction: 0.74
[[ 0.34203918  0.10622803  0.3915118   0.10371673  0.40708187  0.1210447
   0.3890005   0.39502762  0.38347564  0.11275741]
 [ 0.10235849  0.38160377  0.37334906  0.36910377  0.39339623  0.36721698
   0.38985849  0.42853774  0.11768868  0.43066038]]
Generation 013 | highest fitness: 0.8 | Born: 1 | prediction: 0.83
[[ 0.33661888  0.10842294  0.39456392  0.10454002  0.41367981  0.11589008
   0.40442055  0.40681004  0.39097969  0.09946237]
 [ 0.10408506  0.36401791  0.36961388  0.35814214  0.38752098  0.36961388
   0.38612199  0.40486849  0.10688304  0.44404029]]
Generation 014 | highest fitness: 0.83 | Born: 1 | prediction: 0.79
[[ 0.34965035  0.11739775  0.42063997  0.1046832   0.40495868  0.11570248
   0.38927739  0.40305149  0.39563467  0.11739775]
 [ 0.10035395  0.37434936  0.34749115  0.34957318  0.38101187  0.35769311
   0.3964189   0.3957943   0.11180512  0.45096814]]
Generation 015 | highest fitness: 0.83 | Born: 1 | prediction: 0.8
[[ 0.34525447  0.11205163  0.39593694  0.10961803  0.39932282  0.11342715
   0.38461538  0.39477304  0.38927098  0.11734208]
 [ 0.10350015  0.37177816  0.36505867  0.36024471  0.39594825  0.37187845
   0.38070404  0.40467355  0.11322836  0.4370675 ]]
Generation 016 | highest fitness: 0.83 | Born: 1 | prediction: 0.78
[[ 0.35511546  0.11128929  0.3942431   0.11193072  0.3942431   0.10960552
   0.38021167  0.39616742  0.39728993  0.12924952]
 [ 0.09452471  0.3643346   0.35787072  0.35330798  0.39087452  0.36973384
   0.38045627  0.39209125  0.11262357  0.43330798]]
Generation 017 | highest fitness: 0.8 | Born: 1 | prediction: 0.75
[[ 0.36320479  0.11079462  0.37167689  0.12269939  0.39972247  0.1124014
   0.38029506  0.40118317  0.39833479  0.12919953]
 [ 0.10068823  0.35615967  0.35973847  0.36421198  0.38823125  0.37302134
   0.3735031   0.39366827  0.11603579  0.42821748]]
Generation 018 | highest fitness: 0.8 | Born: 1 | prediction: 0.81
[[ 0.35789181  0.11506145  0.38094577  0.12131102  0.39941671  0.10950628
   0.37927922  0.38823693  0.39261162  0.13186584]
 [ 0.102539    0.35585145  0.35448078  0.3630964   0.39840741  0.36903596
   0.3737354   0.38887801  0.12159781  0.42542915]]
Generation 019 | highest fitness: 0.81 | Born: 1 | prediction: 0.77
[[ 0.38028581  0.1111046   0.36927492  0.1273281   0.38508844  0.10126508
   0.37841162  0.3818086   0.38397564  0.13476631]
 [ 0.11046512  0.34088969  0.36190527  0.35929166  0.40020269  0.36611905
   0.36851931  0.37806699  0.12641348  0.42916578]]
Generation 020 | highest fitness: 0.81 | Born: 1 | prediction: 0.77
[[ 0.37375139  0.11381798  0.36576027  0.12430633  0.37952275  0.10449501
   0.36953385  0.37641509  0.37602664  0.13257492]
 [ 0.11123888  0.34481552  0.36121388  0.36206379  0.39491051  0.37176282
   0.36741326  0.37306269  0.12728727  0.4209579 ]]
Generation 021 | highest fitness: 0.81 | Born: 1 | prediction: 0.78
[[ 0.36205899  0.11307114  0.36610758  0.1119144   0.3768074   0.12232504
   0.3843262   0.39010989  0.36697513  0.13157895]
 [ 0.10971616  0.36299127  0.37445415  0.36572052  0.39028384  0.38618996
   0.37691048  0.38509825  0.12854803  0.39847162]]
Generation 022 | highest fitness: 0.81 | Born: 1 | prediction: 0.78
[[ 0.36843575  0.11717877  0.35921788  0.11592179  0.36312849  0.11885475
   0.37276536  0.37081006  0.36312849  0.12346369]
 [ 0.12599845  0.34153569  0.35725329  0.3537748   0.37168256  0.3919093
   0.37000773  0.35325947  0.12728678  0.40749807]]
Generation 023 | highest fitness: 0.78 | Born: 1 | prediction: 0.78
[[ 0.36236104  0.11381683  0.37056644  0.11646374  0.37003706  0.12069878
   0.38459502  0.39094759  0.38274219  0.11937533]
 [ 0.1132542   0.35262117  0.36003956  0.35187933  0.37339268  0.38353116
   0.36968348  0.39020772  0.11152324  0.39688427]]
Generation 024 | highest fitness: 0.78 | Born: 1 | prediction: 0.73
[[ 0.36626737  0.12266411  0.37987542  0.11566842  0.37249641  0.11173934
   0.36751318  0.37642549  0.37594633  0.12946814]
 [ 0.11441852  0.35174756  0.35210512  0.35192634  0.37641906  0.3692679
   0.37159203  0.37427371  0.12469831  0.41297935]]
Generation 025 | highest fitness: 0.78 | Born: 1 | prediction: 0.76
[[ 0.36005664  0.12192225  0.37513133  0.11538989  0.37376091  0.11406514
   0.37362386  0.37956238  0.3756795   0.12882006]
 [ 0.11683805  0.35648089  0.35969701  0.35347637  0.37954382  0.36964157
   0.3650713   0.38115188  0.11743049  0.41001227]]
Generation 026 | highest fitness: 0.78 | Born: 1 | prediction: 0.7
[[ 0.35826019  0.12901486  0.37316726  0.11405875  0.36507625  0.12465062
   0.37493257  0.37865934  0.36203599  0.12872064]
 [ 0.13175455  0.3491212   0.36229229  0.34654804  0.36102752  0.370099
   0.35845436  0.37982468  0.11478913  0.38933229]]
Generation 027 | highest fitness: 0.76 | Born: 1 | prediction: 0.73
[[ 0.36632064  0.12101628  0.36684574  0.12008725  0.37508583  0.11629034
   0.37625722  0.38352789  0.37064265  0.13091247]
 [ 0.12113599  0.34185327  0.35863827  0.35507009  0.37302021  0.37302021
   0.36355361  0.37083561  0.12576006  0.41267067]]
Generation 028 | highest fitness: 0.76 | Born: 1 | prediction: 0.73
[[ 0.34629466  0.13462105  0.36796701  0.11867188  0.35816185  0.1264571
   0.36662038  0.38766149  0.35694146  0.12687792]
 [ 0.12678645  0.34423647  0.35425185  0.35398927  0.34772497  0.37165685
   0.36543006  0.3732323   0.12408567  0.39093739]]
Generation 029 | highest fitness: 0.73 | Born: 1 | prediction: 0.78
[[ 0.36373217  0.12247356  0.36617863  0.12367797  0.36828635  0.11675261
   0.37366856  0.38228763  0.36474839  0.13320035]
 [ 0.12107791  0.33679692  0.35706742  0.3574081   0.37113753  0.37754233
   0.37038804  0.37093312  0.12904984  0.40626171]]
Generation 030 | highest fitness: 0.78 | Born: 1 | prediction: 0.73
[[ 0.35222799  0.12402885  0.36306309  0.12064941  0.36651221  0.11577187
   0.36564122  0.383061    0.35982302  0.13542138]
 [ 0.12413638  0.34091712  0.3567274   0.35428516  0.36424692  0.3808927
   0.37581542  0.37356599  0.12869951  0.4002378 ]]
Generation 031 | highest fitness: 0.78 | Born: 1 | prediction: 0.77
[[ 0.34874974  0.13171275  0.35265028  0.11924497  0.3533468   0.12237933
   0.35585429  0.37626245  0.3419238   0.12850874]
 [ 0.13520075  0.3384376   0.3545596   0.35381264  0.35281668  0.38095238
   0.37030812  0.36470588  0.13264862  0.38611889]]
Generation 032 | highest fitness: 0.78 | Born: 1 | prediction: 0.73
[[ 0.3625267   0.12036754  0.35442308  0.12287661  0.36601906  0.11541722
   0.36815516  0.37788628  0.36432374  0.13098023]
 [ 0.12396312  0.33673564  0.35162971  0.35421999  0.37466465  0.37898178
   0.36578371  0.36849733  0.13302908  0.40392858]]
Generation 033 | highest fitness: 0.77 | Born: 1 | prediction: 0.72
[[ 0.36689149  0.12433049  0.34864114  0.13003372  0.36074192  0.11798254
   0.37185082  0.37180123  0.36917278  0.13454672]
 [ 0.12604081  0.34028731  0.35108427  0.36082899  0.37647543  0.37816818
   0.36087474  0.36416873  0.12819105  0.39431787]]
Generation 034 | highest fitness: 0.77 | Born: 1 | prediction: 0.69
[[ 0.35718776  0.13030643  0.34026734  0.12754558  0.35590302  0.11573682
   0.35964792  0.36992592  0.3583085   0.13651149]
 [ 0.13132343  0.3404521   0.35028925  0.36206325  0.37121231  0.38043783
   0.3634904   0.35770534  0.1360891   0.38696195]]
Generation 035 | highest fitness: 0.77 | Born: 1 | prediction: 0.81
[[ 0.35700099  0.12974965  0.33478806  0.13228453  0.35232321  0.12099514
   0.3619401   0.36917891  0.35548529  0.13826896]
 [ 0.1309722   0.34555512  0.3477335   0.36308009  0.37105933  0.38153515
   0.36121989  0.35647151  0.13474153  0.38537791]]
Generation 036 | highest fitness: 0.81 | Born: 1 | prediction: 0.65
[[ 0.36351419  0.134445    0.32458935  0.14240916  0.3495769   0.12787456
   0.36276755  0.36938776  0.35221503  0.14430065]
 [ 0.12377002  0.3493633   0.33913757  0.37077947  0.37039359  0.38066757
   0.35500675  0.35597145  0.14248505  0.38510515]]
Generation 037 | highest fitness: 0.81 | Born: 1 | prediction: 0.72
[[ 0.36491671  0.1371817   0.33965859  0.14047736  0.35024074  0.12593012
   0.3654574   0.37307861  0.35209454  0.14356703]
 [ 0.12920573  0.34188407  0.35246954  0.36450839  0.3616743   0.37216288
   0.35636945  0.35527941  0.13494659  0.3947872 ]]
Generation 038 | highest fitness: 0.81 | Born: 1 | prediction: 0.74
[[ 0.35628337  0.13845971  0.33077014  0.13962264  0.34643408  0.1328112
   0.36352201  0.36655987  0.34588822  0.14296903]
 [ 0.13910685  0.34585547  0.35272412  0.3672172   0.35654745  0.37768689
   0.36057083  0.3512348   0.13539467  0.37657546]]
Generation 039 | highest fitness: 0.74 | Born: 1 | prediction: 0.77
[[ 0.35559049  0.14256424  0.33078185  0.14837343  0.34246856  0.14311099
   0.37158283  0.37151449  0.34103335  0.14885183]
 [ 0.15674192  0.35375229  0.37608298  0.3804759   0.35216595  0.36388041
   0.35271507  0.34118365  0.12464918  0.36711409]]
Generation 040 | highest fitness: 0.77 | Born: 1 | prediction: 0.66
[[ 0.35912235  0.13542418  0.32177567  0.14565208  0.34596613  0.13364173
   0.36362093  0.36752536  0.34910665  0.14641599]
 [ 0.14038868  0.35017359  0.35516182  0.37451614  0.36477912  0.37359831
   0.35172992  0.34977453  0.13667744  0.37531426]]
Generation 041 | highest fitness: 0.77 | Born: 1 | prediction: 0.65
[[ 0.35603335  0.13520201  0.32579901  0.14586929  0.34736229  0.13439105
   0.36233391  0.36761556  0.34601069  0.14333243]
 [ 0.14569034  0.34424763  0.3524528   0.37187688  0.35945247  0.3767961
   0.35393051  0.34385876  0.13285762  0.36707433]]
Generation 042 | highest fitness: 0.77 | Born: 1 | prediction: 0.66
[[ 0.35584076  0.14006308  0.32444012  0.1451213   0.3415984   0.13928947
   0.36099816  0.36433063  0.34201496  0.14867197]
 [ 0.14271003  0.34518527  0.34986613  0.36776573  0.35821678  0.37572319
   0.35370443  0.3448108   0.13518321  0.36233594]]
Generation 043 | highest fitness: 0.66 | Born: 1 | prediction: 0.6
[[ 0.35161797  0.13380459  0.34536601  0.12613886  0.3486962   0.12730129
   0.36267672  0.37301288  0.34737669  0.1349356 ]
 [ 0.13760288  0.33750572  0.35002286  0.35533836  0.35273777  0.38117284
   0.36308299  0.36276863  0.13297325  0.3795439 ]]
Generation 044 | highest fitness: 0.66 | Born: 1 | prediction: 0.61
[[ 0.35749927  0.14382154  0.3326607   0.15024215  0.33522894  0.14514235
   0.35300484  0.36360801  0.34172292  0.14879293]
 [ 0.15093843  0.34511489  0.34607964  0.36407648  0.35314857  0.37256622
   0.35777934  0.34344852  0.13832661  0.35986669]]
Generation 045 | highest fitness: 0.66 | Born: 1 | prediction: 0.68
[[ 0.35623986  0.15785646  0.33943055  0.15086424  0.31932092  0.15528332
   0.33780836  0.35772221  0.32371203  0.15240253]
 [ 0.16544547  0.3454391   0.34161623  0.35820856  0.33789954  0.3513327
   0.34753637  0.33174047  0.15418923  0.34212063]]
Generation 046 | highest fitness: 0.68 | Born: 1 | prediction: 0.71
[[ 0.3591313   0.14028996  0.33578561  0.14252644  0.34127872  0.1351696
   0.35448178  0.36234869  0.3438487   0.14619504]
 [ 0.14300921  0.34418943  0.3454593   0.36112719  0.36129526  0.3709313
   0.35399354  0.34659844  0.14084297  0.36786868]]
Generation 047 | highest fitness: 0.71 | Born: 1 | prediction: 0.65
[[ 0.36410824  0.160492    0.33505535  0.15699877  0.31717097  0.15350554
   0.33825338  0.3498647   0.32792128  0.1495941 ]
 [ 0.16412606  0.33489199  0.33853923  0.35006546  0.34461797  0.35298794
   0.33879641  0.3290938   0.14878893  0.33561676]]
Generation 048 | highest fitness: 0.71 | Born: 1 | prediction: 0.61
[[ 0.36347903  0.15790828  0.33452606  0.15325429  0.31352464  0.15259945
   0.34023247  0.34460581  0.32774387  0.14754788]
 [ 0.16370813  0.33723012  0.34428316  0.34385178  0.34251451  0.34408904
   0.34083213  0.32942217  0.14955892  0.32929275]]
Generation 049 | highest fitness: 0.65 | Born: 1 | prediction: 0.67
[[ 0.35801747  0.14235043  0.3344339   0.14378431  0.34016942  0.13523763
   0.35218761  0.35911175  0.34679169  0.14576533]
 [ 0.14308879  0.34157772  0.34400114  0.35802491  0.36149967  0.36634651
   0.35018443  0.34537322  0.14091484  0.36388745]]
Generation 050 | highest fitness: 0.67 | Born: 1 | prediction: 0.64
[[ 0.35348023  0.16374391  0.33259049  0.16178615  0.31961511  0.1546424
   0.34037989  0.33979673  0.33967176  0.14993544]
 [ 0.16334677  0.32940629  0.34019919  0.34581848  0.33986979  0.33547124
   0.33613006  0.32219811  0.15053868  0.32741048]]
Generation 051 | highest fitness: 0.67 | Born: 1 | prediction: 0.63
[[ 0.34915246  0.16845782  0.33410679  0.17300083  0.31082995  0.16379268
   0.33799033  0.33171316  0.34460945  0.1611548 ]
 [ 0.16490296  0.32474584  0.3457024   0.34932994  0.3396488   0.32945933
   0.33026802  0.31217652  0.15413586  0.30979667]]
Generation 052 | highest fitness: 0.67 | Born: 1 | prediction: 0.71
[[ 0.34791418  0.16900425  0.33679281  0.17456494  0.30709831  0.16470429
   0.34861208  0.32909341  0.34784664  0.16913933]
 [ 0.16478226  0.32612248  0.34056598  0.34664401  0.3335294   0.32790885
   0.33000022  0.30762695  0.15994597  0.30936976]]
Generation 053 | highest fitness: 0.71 | Born: 1 | prediction: 0.66
[[ 0.35409455  0.16775011  0.34366821  0.1716336   0.30785141  0.16371887
   0.34943014  0.3244829   0.34073449  0.17319544]
 [ 0.16640266  0.3257585   0.34178141  0.34616791  0.32114861  0.32230616
   0.32169693  0.30851712  0.16445311  0.31525933]]
Generation 054 | highest fitness: 0.71 | Born: 1 | prediction: 0.69
[[ 0.35320427  0.1635243   0.337258    0.16554721  0.30716713  0.15786646
   0.343548    0.33555117  0.33532991  0.17188463]
 [ 0.16090331  0.32933923  0.33823864  0.35002354  0.31327168  0.33008338
   0.32173068  0.31237566  0.16744878  0.32596777]]
Generation 055 | highest fitness: 0.71 | Born: 1 | prediction: 0.65
[[ 0.35295092  0.16298962  0.33570772  0.1659413   0.30601027  0.16067045
   0.34272548  0.33305724  0.32977426  0.16890803]
 [ 0.15827328  0.33346279  0.3370014   0.34816381  0.31824393  0.33416764
   0.32332168  0.31446079  0.16642932  0.31853162]]
Generation 056 | highest fitness: 0.69 | Born: 1 | prediction: 0.67
[[ 0.35832698  0.14799289  0.32590193  0.15675813  0.33076092  0.14453125
   0.35588161  0.35378557  0.34232088  0.15485264]
 [ 0.14726423  0.34262464  0.34465901  0.36433473  0.35473978  0.35971944
   0.34253355  0.33506407  0.14677841  0.35401105]]
Generation 057 | highest fitness: 0.69 | Born: 1 | prediction: 0.69
[[ 0.35419167  0.15542249  0.3305457   0.15881872  0.32185082  0.15191134
   0.35013151  0.34475626  0.34114297  0.15801435]
 [ 0.15449575  0.33572296  0.33985419  0.35415553  0.34320778  0.35041312
   0.33888214  0.32674362  0.15239368  0.34003645]]
Generation 058 | highest fitness: 0.69 | Born: 1 | prediction: 0.67
[[ 0.35574664  0.16886031  0.32053792  0.17533582  0.30014758  0.16709837
   0.34134992  0.33252515  0.34377447  0.16818264]
 [ 0.17253772  0.33610485  0.33094213  0.34183804  0.32476682  0.33238256
   0.3242534   0.31680881  0.17279443  0.31081891]]
Generation 059 | highest fitness: 0.69 | Born: 1 | prediction: 0.6
[[ 0.3543515   0.15508659  0.32810009  0.15814135  0.32248956  0.15271338
   0.35072474  0.34554018  0.34039213  0.15761802]
 [ 0.15729161  0.33424466  0.3372695   0.35200977  0.34228375  0.34929905
   0.3384329   0.33012623  0.15620964  0.33680414]]
Generation 060 | highest fitness: 0.69 | Born: 1 | prediction: 0.73
[[ 0.35023669  0.16839447  0.31464047  0.17051014  0.30147039  0.17511173
   0.33647158  0.33577077  0.3279031   0.16545897]
 [ 0.17282603  0.33084167  0.32170415  0.33483933  0.32650135  0.32530839
   0.32150109  0.31827758  0.18663384  0.30270572]]
Generation 061 | highest fitness: 0.74 | Born: 1 | prediction: 0.65
[[ 0.34792012  0.16222596  0.31465187  0.17268099  0.29992091  0.17213723
   0.34474406  0.32955585  0.33189154  0.16432685]
 [ 0.17406127  0.33764285  0.32664698  0.34024777  0.33000816  0.32652694
   0.3170436   0.31752377  0.19065111  0.29926534]]
Generation 062 | highest fitness: 0.74 | Born: 1 | prediction: 0.57
[[ 0.34937597  0.16012921  0.31413388  0.17501795  0.29829578  0.17654618
   0.34334406  0.32402112  0.32213398  0.16413504]
 [ 0.17445296  0.33375265  0.33130597  0.33219463  0.32641261  0.32915936
   0.3169952   0.31847244  0.18837134  0.30193426]]
Generation 063 | highest fitness: 0.73 | Born: 1 | prediction: 0.63
[[ 0.35091947  0.16424954  0.31695021  0.16923555  0.30082619  0.17141207
   0.34110292  0.3282992   0.32268023  0.16521565]
 [ 0.16650806  0.33275657  0.33644425  0.33649832  0.32452687  0.32845247
   0.31901157  0.31722721  0.18141019  0.31346383]]
Generation 064 | highest fitness: 0.73 | Born: 1 | prediction: 0.64
[[ 0.35129338  0.16610261  0.31698642  0.16960552  0.30334124  0.17038155
   0.33976072  0.32332399  0.32187972  0.16704031]
 [ 0.16242105  0.3317004   0.33590086  0.32949073  0.32118363  0.33013696
   0.31974526  0.3186717   0.18130746  0.31439828]]
Generation 065 | highest fitness: 0.64 | Born: 1 | prediction: 0.6
[[ 0.35074393  0.16675722  0.3149371   0.16887825  0.30170937  0.16771848
   0.34275087  0.32554227  0.32541689  0.16830359]
 [ 0.16583934  0.33216296  0.33684444  0.32817765  0.32136731  0.32695684
   0.31997498  0.31647396  0.1816595   0.31418367]]
Generation 066 | highest fitness: 0.64 | Born: 1 | prediction: 0.65
[[ 0.34503469  0.16752211  0.30512184  0.17597181  0.29393407  0.17722799
   0.33884216  0.31724192  0.31812517  0.16967133]
 [ 0.17165255  0.33523349  0.33083958  0.32161626  0.32387128  0.32013549
   0.31533511  0.31248004  0.1903218   0.30605371]]
Generation 067 | highest fitness: 0.65 | Born: 1 | prediction: 0.65
[[ 0.35298934  0.1598706   0.32138863  0.16386437  0.31418986  0.15815328
   0.34494189  0.33546667  0.32938616  0.16116858]
 [ 0.16050781  0.33498925  0.33532818  0.33985048  0.33527008  0.33764259
   0.33312998  0.32611895  0.16882614  0.33228749]]
Generation 068 | highest fitness: 0.65 | Born: 1 | prediction: 0.59
[[ 0.34816694  0.17223324  0.31987945  0.1739881   0.29785793  0.16920993
   0.33628352  0.32288368  0.32173921  0.17298669]
 [ 0.16630986  0.33010981  0.32785826  0.32965765  0.31869521  0.32258005
   0.32060533  0.31923041  0.18324259  0.31379533]]
Generation 069 | highest fitness: 0.65 | Born: 1 | prediction: 0.56
[[ 0.34725651  0.17305708  0.3199322   0.17961639  0.29744445  0.17074474
   0.33699377  0.32161809  0.32294469  0.17196079]
 [ 0.16730773  0.32742599  0.32641947  0.32876503  0.3145299   0.32424466
   0.31816956  0.31920305  0.18557794  0.31450294]]
Generation 070 | highest fitness: 0.65 | Born: 1 | prediction: 0.67
[[ 0.34817259  0.17673554  0.30853432  0.18493204  0.29422753  0.17771318
   0.33500057  0.31508105  0.31774339  0.17416922]
 [ 0.17640549  0.32845463  0.32538328  0.3229811   0.31515687  0.31681266
   0.31652954  0.31586036  0.19432743  0.30356637]]
Generation 071 | highest fitness: 0.67 | Born: 1 | prediction: 0.66
[[ 0.34504204  0.17891414  0.3085499   0.18331764  0.29566184  0.17833719
   0.33682049  0.31796778  0.31750112  0.17692876]
 [ 0.17442416  0.32655269  0.32506016  0.32120308  0.31456218  0.31919907
   0.31590377  0.31877143  0.19294656  0.30524648]]
Generation 072 | highest fitness: 0.67 | Born: 1 | prediction: 0.62
[[ 0.34907257  0.18075208  0.31659751  0.17868158  0.30038575  0.17216079
   0.33823896  0.32310111  0.32031753  0.17714374]
 [ 0.17178833  0.32601548  0.32440075  0.32756327  0.31283832  0.32541309
   0.31798369  0.31801715  0.18606986  0.31144112]]
Generation 073 | highest fitness: 0.66 | Born: 1 | prediction: 0.65
[[ 0.3464885   0.18554598  0.30507149  0.18198166  0.29698323  0.17773997
   0.33400534  0.31769174  0.31311942  0.17690937]
 [ 0.1768574   0.33117579  0.32162967  0.32099432  0.31418814  0.31853234
   0.31344161  0.3135925   0.19391653  0.30442759]]
Generation 074 | highest fitness: 0.66 | Born: 1 | prediction: 0.56
[[ 0.34708068  0.18357389  0.30449506  0.18400603  0.29717222  0.17541034
   0.33603357  0.31567575  0.31010505  0.17571677]
 [ 0.17929233  0.33123955  0.3214283   0.3251894   0.31256503  0.32061133
   0.31238776  0.31308141  0.19475295  0.30364011]]
Generation 075 | highest fitness: 0.65 | Born: 1 | prediction: 0.59
[[ 0.348997    0.17533603  0.31264992  0.1732788   0.31234906  0.16086225
   0.34223173  0.32941674  0.31761004  0.16884722]
 [ 0.17085152  0.33072219  0.32881655  0.33708734  0.32743418  0.34008638
   0.32180317  0.31798408  0.17709171  0.32361509]]
Generation 076 | highest fitness: 0.65 | Born: 1 | prediction: 0.58
[[ 0.34172178  0.18345851  0.29866992  0.18495467  0.29629103  0.17401777
   0.33287202  0.31298812  0.30484904  0.17698016]
 [ 0.18292152  0.33152939  0.32034299  0.32227268  0.31385749  0.31965382
   0.30852546  0.30536976  0.19876529  0.30206898]]
Generation 077 | highest fitness: 0.59 | Born: 1 | prediction: 0.57
[[ 0.34634015  0.17363835  0.30904694  0.17479753  0.31217134  0.16522473
   0.33940045  0.32889878  0.3146509   0.17371512]
 [ 0.1750711   0.33322633  0.32361131  0.33641392  0.32438021  0.33441328
   0.32231238  0.3148697   0.17957255  0.32204364]]
Generation 078 | highest fitness: 0.59 | Born: 1 | prediction: 0.44
[[ 0.3449108   0.17421325  0.31029012  0.17585937  0.31175748  0.16761387
   0.33713456  0.32381662  0.31259916  0.17689472]
 [ 0.17735659  0.33254726  0.3236546   0.33719801  0.32440661  0.33473026
   0.32238422  0.3151051   0.18073697  0.3200771 ]]
Generation 079 | highest fitness: 0.58 | Born: 1 | prediction: 0.59
[[ 0.339479    0.18225737  0.29980211  0.18725043  0.29794996  0.18009535
   0.33055628  0.31037275  0.30047818  0.18459545]
 [ 0.18537008  0.32982493  0.31740683  0.32239903  0.3142451   0.31864101
   0.30786618  0.30613278  0.20208702  0.29948345]]
Generation 080 | highest fitness: 0.59 | Born: 1 | prediction: 0.63
[[ 0.34164434  0.17506556  0.30802503  0.17989682  0.31407479  0.17105376
   0.33509577  0.32100815  0.30754047  0.18173526]
 [ 0.18155237  0.32865001  0.32344811  0.33533816  0.32458711  0.33436584
   0.31667662  0.31294709  0.18597641  0.31446113]]
Generation 081 | highest fitness: 0.63 | Born: 1 | prediction: 0.55
[[ 0.34038096  0.18201187  0.31004091  0.18726741  0.30090764  0.18002329
   0.32906736  0.3155095   0.30323002  0.18512258]
 [ 0.1848146   0.32546746  0.31780428  0.32555729  0.31109468  0.32261363
   0.30904932  0.30696942  0.19488937  0.30589146]]
Generation 082 | highest fitness: 0.63 | Born: 1 | prediction: 0.57
[[ 0.33836906  0.17569967  0.30897725  0.18288311  0.30890185  0.17478803
   0.33436607  0.32108903  0.30306187  0.17776285]
 [ 0.18439552  0.32631467  0.32108712  0.33322512  0.32170992  0.33216503
   0.31621734  0.31017485  0.18490569  0.3135075 ]]
Generation 083 | highest fitness: 0.63 | Born: 1 | prediction: 0.64
[[ 0.33543767  0.18413199  0.30843505  0.18935609  0.29758713  0.18174738
   0.32894546  0.31438279  0.30192905  0.18526916]
 [ 0.18508599  0.3244014   0.31639339  0.32500918  0.3089464   0.32052096
   0.30849224  0.30574052  0.1945834   0.30395725]]
Generation 084 | highest fitness: 0.64 | Born: 1 | prediction: 0.58
[[ 0.33144611  0.18680941  0.30074321  0.19352825  0.29231759  0.18636361
   0.32751033  0.30815623  0.29568656  0.18542106]
 [ 0.1894329   0.3278711   0.31418959  0.31963732  0.31013489  0.31614231
   0.30458766  0.30101803  0.19921518  0.2969198 ]]
Generation 085 | highest fitness: 0.64 | Born: 1 | prediction: 0.58
[[ 0.3341691   0.18601003  0.30762785  0.19083023  0.29660642  0.18184683
   0.32840364  0.3127095   0.30087018  0.18660669]
 [ 0.1860327   0.32509885  0.31680565  0.32445941  0.30774902  0.32007465
   0.3075598   0.30516515  0.19409101  0.30312936]]
Generation 086 | highest fitness: 0.64 | Born: 1 | prediction: 0.54
[[ 0.3316124   0.18208524  0.30788607  0.18858561  0.3039296   0.1768412
   0.33321874  0.31593652  0.29999187  0.18525417]
 [ 0.18623696  0.32612562  0.31829467  0.3265627   0.31545975  0.3330035
   0.31379643  0.31035446  0.18671653  0.31093722]]
Generation 087 | highest fitness: 0.58 | Born: 1 | prediction: 0.53
[[ 0.33193313  0.18081521  0.30707142  0.18800752  0.30110022  0.17822036
   0.33392353  0.31704175  0.29683245  0.18728096]
 [ 0.18772492  0.32255893  0.31939512  0.32668796  0.31373484  0.33177626
   0.31333564  0.30831288  0.1877845   0.30929598]]
Generation 088 | highest fitness: 0.58 | Born: 1 | prediction: 0.52
[[ 0.33274697  0.18621907  0.30543971  0.19132999  0.2919172   0.1831103
   0.32744416  0.31204744  0.2961134   0.18983318]
 [ 0.18734666  0.31922287  0.31522511  0.32158291  0.3044461   0.32021919
   0.30757208  0.30554206  0.19660004  0.30127032]]
Generation 089 | highest fitness: 0.54 | Born: 1 | prediction: 0.44
[[ 0.3280885   0.18424692  0.30268555  0.18931937  0.29607335  0.17817508
   0.33192916  0.31481761  0.29282535  0.19089398]
 [ 0.18759428  0.31952507  0.31603396  0.32742721  0.31060589  0.329707
   0.31148009  0.30752046  0.18887987  0.30626343]]
Generation 090 | highest fitness: 0.53 | Born: 1 | prediction: 0.42
[[ 0.33047319  0.18748684  0.30453368  0.1933971   0.29157942  0.18425291
   0.32775967  0.31073513  0.29476997  0.19236869]
 [ 0.18830191  0.31657028  0.31435896  0.32177658  0.30508845  0.31964425
   0.30584176  0.30411037  0.19746914  0.29883724]]
Generation 091 | highest fitness: 0.52 | Born: 1 | prediction: 0.55
[[ 0.3224868   0.18507234  0.29843197  0.19287391  0.29706009  0.18374453
   0.32905423  0.31281198  0.29299402  0.19481879]
 [ 0.19153226  0.31057105  0.31456517  0.32543047  0.30994987  0.32421534
   0.30633718  0.30449542  0.19280732  0.30086639]]
Generation 092 | highest fitness: 0.55 | Born: 1 | prediction: 0.45
[[ 0.32854395  0.18747324  0.30085075  0.19324341  0.29029924  0.18610456
   0.32575232  0.3094427   0.29362749  0.19350268]
 [ 0.1894948   0.31250853  0.31260944  0.3193822   0.30419246  0.31673483
   0.30396097  0.30398471  0.19911082  0.29640468]]
Generation 093 | highest fitness: 0.55 | Born: 1 | prediction: 0.57
[[ 0.32256266  0.18744444  0.29653105  0.19317781  0.29480578  0.18577177
   0.32408279  0.30815033  0.29179707  0.1963338 ]
 [ 0.18845625  0.30435374  0.31286362  0.31945512  0.30893276  0.32001443
   0.30374215  0.30413419  0.19355277  0.29761587]]
Generation 094 | highest fitness: 0.58 | Born: 1 | prediction: 0.52
[[ 0.32208523  0.19194589  0.29118459  0.19767546  0.28399888  0.19225717
   0.32200081  0.30192094  0.28641522  0.19713205]
 [ 0.19310663  0.31014412  0.31224493  0.31219254  0.30160992  0.31057371
   0.29699443  0.29757071  0.20692166  0.28716098]]
Generation 095 | highest fitness: 0.58 | Born: 1 | prediction: 0.48
[[ 0.322261    0.19323611  0.28877913  0.1976505   0.28231854  0.19354252
   0.32125867  0.30241182  0.28500353  0.19834123]
 [ 0.19387934  0.31221551  0.31063116  0.31210198  0.29893688  0.30959385
   0.29682613  0.29739382  0.20779274  0.28531248]]
Generation 096 | highest fitness: 0.57 | Born: 1 | prediction: 0.56
[[ 0.32608334  0.19197859  0.29815512  0.19361199  0.28766699  0.18886654
   0.32119461  0.30577191  0.29029189  0.19626554]
 [ 0.19007103  0.31008977  0.31420286  0.31866576  0.29798746  0.31374585
   0.30160405  0.29968574  0.20272062  0.29263875]]
Generation 097 | highest fitness: 0.56 | Born: 1 | prediction: 0.51
[[ 0.31851045  0.19197289  0.29108024  0.19261876  0.28944629  0.1898473
   0.31731993  0.30291798  0.28582652  0.20131391]
 [ 0.19199035  0.30451146  0.31301327  0.31868758  0.2972304   0.31367431
   0.29939686  0.29790109  0.20074306  0.29158987]]
Generation 098 | highest fitness: 0.56 | Born: 1 | prediction: 0.54
[[ 0.3236936   0.19120847  0.29653315  0.19218246  0.2864259   0.18971687
   0.31967519  0.30508201  0.28897497  0.19823791]
 [ 0.19190124  0.310668    0.31164964  0.31606425  0.29427088  0.30985089
   0.29801096  0.29784095  0.20332988  0.2904266 ]]
Generation 099 | highest fitness: 0.56 | Born: 1 | prediction: 0.52
[[ 0.3159971   0.19420878  0.2896029   0.19328983  0.28641444  0.19443619
   0.3175194   0.30399046  0.28450692  0.20350499]
 [ 0.19468817  0.30534889  0.30897164  0.31635149  0.29383669  0.31159373
   0.29593529  0.29404979  0.20076624  0.2860399 ]]
Generation 100 | highest fitness: 0.55 | Born: 1 | prediction: 0.51
[[ 0.31850786  0.19649654  0.28788426  0.19788231  0.27988192  0.1962428
   0.31731238  0.29848248  0.2826681   0.20177125]
 [ 0.19762777  0.30855539  0.30787053  0.3083951   0.29204107  0.30629195
   0.29269193  0.29329422  0.20962493  0.28033048]]
Generation 101 | highest fitness: 0.54 | Born: 1 | prediction: 0.49
[[ 0.31230274  0.1965104   0.2893315   0.19562775  0.28588559  0.19793245
   0.31614985  0.30155935  0.28483354  0.20504716]
 [ 0.19880568  0.30420902  0.30490711  0.31436918  0.29315957  0.31022508
   0.29318624  0.29257708  0.20423036  0.28686782]]
Generation 102 | highest fitness: 0.51 | Born: 1 | prediction: 0.48
[[ 0.31838233  0.19606818  0.29336447  0.19635294  0.28532375  0.19707262
   0.31921591  0.30181421  0.28937776  0.20171169]
 [ 0.19527103  0.30564607  0.30644533  0.31103597  0.29220207  0.30559484
   0.29320627  0.29496875  0.20482119  0.28821601]]
Generation 103 | highest fitness: 0.49 | Born: 1 | prediction: 0.47
[[ 0.31717988  0.19710843  0.28648736  0.19905716  0.27934202  0.19770546
   0.31615775  0.29806512  0.28319172  0.20280655]
 [ 0.19890869  0.30744704  0.30659296  0.30727622  0.29122915  0.3037081
   0.2912766   0.29251501  0.21034851  0.28140732]]
Generation 104 | highest fitness: 0.49 | Born: 1 | prediction: 0.39
[[ 0.30810394  0.19709544  0.28564923  0.19890868  0.28518959  0.20229481
   0.3115491   0.30143288  0.28141973  0.20783575]
 [ 0.20026474  0.30195676  0.30311344  0.30998672  0.28904116  0.30420748
   0.29016027  0.28927083  0.20660353  0.28725812]]
Generation 105 | highest fitness: 0.49 | Born: 1 | prediction: 0.59
[[ 0.30612118  0.19692949  0.28336516  0.20019511  0.28514679  0.2050026
   0.31284671  0.2999537   0.28070719  0.21006225]
 [ 0.20269749  0.30040869  0.30154529  0.30792998  0.28771727  0.30262035
   0.29103271  0.28905083  0.20855696  0.28670376]]
Generation 106 | highest fitness: 0.59 | Born: 1 | prediction: 0.48
[[ 0.31540374  0.19735037  0.28579323  0.19990259  0.27911061  0.19970591
   0.31514618  0.29712137  0.28141932  0.20316663]
 [ 0.20048607  0.30734276  0.30546179  0.30651402  0.29023247  0.30300815
   0.29204825  0.29196445  0.21140407  0.28035273]]
Generation 107 | highest fitness: 0.59 | Born: 1 | prediction: 0.41
[[ 0.3069892   0.19854995  0.28363483  0.19905134  0.28114778  0.20628964
   0.31126692  0.29887148  0.27878409  0.21166962]
 [ 0.20630136  0.30151707  0.29888195  0.30572456  0.28705357  0.30062816
   0.28980326  0.28753161  0.20677544  0.2835177 ]]
Generation 108 | highest fitness: 0.59 | Born: 1 | prediction: 0.5
[[ 0.30691847  0.20082924  0.2839183   0.20097033  0.27900005  0.20809885
   0.30866239  0.29716035  0.27737761  0.21374994]
 [ 0.20777928  0.29970958  0.29817231  0.303485    0.2834424   0.29953533
   0.28857696  0.28530494  0.20650145  0.28241626]]
Generation 109 | highest fitness: 0.5 | Born: 1 | prediction: 0.48
[[ 0.31184083  0.200577    0.29041184  0.20426947  0.2778375   0.20788028
   0.30852034  0.29675798  0.28146646  0.21138222]
 [ 0.20829459  0.30340388  0.29633008  0.30261642  0.28042069  0.29649913
   0.28694728  0.28802392  0.21024767  0.28179541]]
Generation 110 | highest fitness: 0.5 | Born: 1 | prediction: 0.5
[[ 0.31001063  0.20336641  0.28708363  0.20597094  0.27530563  0.20599309
   0.30676825  0.29728473  0.28085135  0.21141478]
 [ 0.20876487  0.30238514  0.29500524  0.30112844  0.28048812  0.29223182
   0.28929373  0.28642497  0.21311568  0.27986844]]
Generation 111 | highest fitness: 0.5 | Born: 1 | prediction: 0.5
[[ 0.30349022  0.20341071  0.28371622  0.20321855  0.27795885  0.20925851
   0.3068738   0.29560021  0.27792494  0.21593525]
 [ 0.21025368  0.29881328  0.29317178  0.30167124  0.2819967   0.29553109
   0.28760099  0.28503701  0.20927126  0.28083193]]
Generation 112 | highest fitness: 0.5 | Born: 1 | prediction: 0.4
[[ 0.31337817  0.1997513   0.28532204  0.20112642  0.27642686  0.20161656
   0.31326925  0.29616872  0.28042062  0.20644991]
 [ 0.20313584  0.30645089  0.30201101  0.30350598  0.28797089  0.2999982
   0.29047002  0.29030341  0.21206963  0.27893803]]
Generation 113 | highest fitness: 0.5 | Born: 1 | prediction: 0.47
[[ 0.30479209  0.20632251  0.2862526   0.20777278  0.27343982  0.21221862
   0.30582917  0.29639623  0.27776584  0.21731316]
 [ 0.21369792  0.30103007  0.286757    0.29394227  0.27589989  0.28772776
   0.2883614   0.28691135  0.21431937  0.27703312]]
Generation 114 | highest fitness: 0.5 | Born: 1 | prediction: 0.52
[[ 0.30230054  0.20766793  0.28524181  0.20945719  0.27416214  0.21197106
   0.30442175  0.29517992  0.27655862  0.21880427]
 [ 0.21420096  0.29937713  0.28642831  0.29204173  0.2746581   0.28592889
   0.28691573  0.28476226  0.21444867  0.27722709]]
Generation 115 | highest fitness: 0.53 | Born: 1 | prediction: 0.48
[[ 0.31181162  0.20090079  0.28439835  0.20407169  0.27618765  0.20223823
   0.31125804  0.29495622  0.2784064   0.20854462]
 [ 0.20437441  0.30488627  0.30014681  0.30133719  0.28520538  0.29845383
   0.2899713   0.28813724  0.21278641  0.27873767]]
Generation 116 | highest fitness: 0.53 | Born: 1 | prediction: 0.42
[[ 0.31186794  0.20177438  0.28415202  0.2054006   0.27563657  0.20274695
   0.31024847  0.29464341  0.27855427  0.20853833]
 [ 0.20453948  0.30425538  0.29977903  0.30084441  0.28421048  0.29856897
   0.28989688  0.28830978  0.21397005  0.27860738]]
Generation 117 | highest fitness: 0.52 | Born: 1 | prediction: 0.5
[[ 0.30054709  0.20888818  0.28017343  0.21138065  0.27428593  0.21376203
   0.30022078  0.29474638  0.27509824  0.22101032]
 [ 0.21523101  0.29408677  0.28815351  0.29328208  0.27510931  0.2917107
   0.28629548  0.282424    0.21487874  0.27740594]]
Generation 118 | highest fitness: 0.5 | Born: 1 | prediction: 0.4
[[ 0.30041296  0.21232872  0.27997898  0.21893982  0.27206893  0.21450989
   0.29484927  0.2934377   0.27617224  0.22292676]
 [ 0.21803592  0.29405096  0.28136568  0.28584066  0.26895916  0.28548013
   0.28465501  0.28019491  0.2208049   0.27522189]]
Generation 119 | highest fitness: 0.5 | Born: 1 | prediction: 0.45
[[ 0.29745735  0.21541806  0.27776836  0.22043336  0.27037255  0.21682205
   0.29383867  0.29319011  0.27476877  0.22397833]
 [ 0.21953133  0.29306482  0.27878651  0.28573409  0.26806591  0.28610994
   0.2834754   0.27946156  0.22297958  0.27348459]]
Generation 120 | highest fitness: 0.5 | Born: 1 | prediction: 0.3
[[ 0.29660146  0.217652    0.27597936  0.22161069  0.26903899  0.21709836
   0.29304805  0.29466554  0.27303386  0.22573583]
 [ 0.21964039  0.29213794  0.27645988  0.28427013  0.26813158  0.2843205
   0.28396434  0.27808597  0.22304006  0.27347393]]
Generation 121 | highest fitness: 0.5 | Born: 1 | prediction: 0.47
[[ 0.29488639  0.21444697  0.27492957  0.21588845  0.27239877  0.21615831
   0.29617977  0.29424135  0.27249421  0.22511321]
 [ 0.21717553  0.29109911  0.28227305  0.28717678  0.27187806  0.28714067
   0.28365161  0.27721833  0.21812739  0.27506515]]
Generation 122 | highest fitness: 0.47 | Born: 1 | prediction: 0.39
[[ 0.30695759  0.2062809   0.28033716  0.2084156   0.27333401  0.20479168
   0.30648931  0.29316222  0.27725746  0.21209858]
 [ 0.20723255  0.30039615  0.29548838  0.29569024  0.28153466  0.2957323
   0.28668214  0.28433129  0.21576123  0.27553346]]
Generation 123 | highest fitness: 0.47 | Born: 1 | prediction: 0.39
[[ 0.29111319  0.22167904  0.27423386  0.22462327  0.26640787  0.21937951
   0.28948593  0.28759321  0.27066907  0.22852247]
 [ 0.22223747  0.2879851   0.27256976  0.27900969  0.2647746   0.28052274
   0.28142166  0.27268298  0.22520183  0.27016122]]
Generation 124 | highest fitness: 0.47 | Born: 1 | prediction: 0.44
[[ 0.29133302  0.22485571  0.27133309  0.22581484  0.26405179  0.21990807
   0.29089399  0.28557485  0.26745604  0.23078949]
 [ 0.22245057  0.28662729  0.27149022  0.27742983  0.26575613  0.28083592
   0.28018233  0.27236954  0.22766583  0.2698933 ]]
Generation 125 | highest fitness: 0.45 | Born: 1 | prediction: 0.4
[[ 0.29292419  0.21723436  0.27149641  0.21914333  0.26937604  0.21801373
   0.29401593  0.28829849  0.26875444  0.22833162]
 [ 0.21982244  0.28815904  0.27802658  0.28482463  0.27031771  0.28526586
   0.28127275  0.27487496  0.22093181  0.27206371]]
Generation 126 | highest fitness: 0.45 | Born: 1 | prediction: 0.35
[[ 0.28950723  0.22501695  0.26712815  0.22865651  0.2608903   0.22261977
   0.28712303  0.28035643  0.26503265  0.23343465]
 [ 0.22316889  0.28475543  0.26619811  0.27636137  0.26190422  0.27770119
   0.28028721  0.26980432  0.23113355  0.26511656]]
Generation 127 | highest fitness: 0.41 | Born: 1 | prediction: 0.41
[[ 0.28764813  0.22590463  0.26663264  0.23160154  0.25796839  0.22270586
   0.28531801  0.27913288  0.26415669  0.23498735]
 [ 0.22466845  0.28288325  0.26384425  0.27252221  0.25963656  0.27682481
   0.2806402   0.27079484  0.23119195  0.26577409]]
Generation 128 | highest fitness: 0.41 | Born: 1 | prediction: 0.37
[[ 0.28666768  0.22809973  0.26613855  0.23453812  0.25723815  0.22366502
   0.28177153  0.27703952  0.26109995  0.23566228]
 [ 0.22529786  0.27969571  0.26323226  0.27173202  0.25736331  0.27463551
   0.27837256  0.26829246  0.2316874   0.26381172]]
Generation 129 | highest fitness: 0.41 | Born: 1 | prediction: 0.36
[[ 0.2835764   0.22978032  0.26480406  0.23521258  0.25567664  0.22501687
   0.27965125  0.27631623  0.25816126  0.23845984]
 [ 0.22504395  0.27575299  0.26091642  0.27096837  0.25689079  0.27381303
   0.27618105  0.26544299  0.23130402  0.26277745]]
Generation 130 | highest fitness: 0.41 | Born: 1 | prediction: 0.4
[[ 0.28128221  0.2322472   0.26369353  0.23548511  0.25599087  0.22673384
   0.2774294   0.27457469  0.25675431  0.23909137]
 [ 0.22646427  0.27431401  0.26107891  0.27173162  0.25422121  0.2699112
   0.27556814  0.26424537  0.23257779  0.26122419]]
Generation 131 | highest fitness: 0.43 | Born: 1 | prediction: 0.48
[[ 0.2811274   0.23174591  0.2626232   0.2353365   0.25423739  0.23126756
   0.27528796  0.27207364  0.25622081  0.23928877]
 [ 0.22618568  0.27048997  0.25960004  0.27041755  0.2528992   0.26700485
   0.27539175  0.26351103  0.23461025  0.26096743]]
Generation 132 | highest fitness: 0.5 | Born: 1 | prediction: 0.39
[[ 0.28143167  0.23372071  0.26249048  0.23415314  0.25619011  0.23402427
   0.27376527  0.26944952  0.25388475  0.23842021]
 [ 0.22695666  0.2680623   0.25892614  0.27182292  0.25121191  0.26694689
   0.27209822  0.26199139  0.23444383  0.26026577]]
Generation 133 | highest fitness: 0.5 | Born: 1 | prediction: 0.37
[[ 0.27909096  0.23499969  0.26206745  0.23384961  0.25430649  0.23411674
   0.27195706  0.26771946  0.25361756  0.23961409]
 [ 0.22919121  0.26787739  0.25854413  0.270003    0.24982495  0.2648404
   0.27027252  0.2596      0.2357431   0.25868862]]
Generation 134 | highest fitness: 0.46 | Born: 1 | prediction: 0.42
[[ 0.28685159  0.22145098  0.2682717   0.22095433  0.26579734  0.22410271
   0.28712947  0.28105738  0.26360382  0.23276741]
 [ 0.22208794  0.28073149  0.27360407  0.28144187  0.26399767  0.27938736
   0.27633359  0.26914132  0.22453449  0.26739336]]
Generation 135 | highest fitness: 0.44 | Born: 1 | prediction: 0.32
[[ 0.27362681  0.23545228  0.25997783  0.23469176  0.25148531  0.23841887
   0.27132636  0.26317095  0.25187367  0.24566272]
 [ 0.22963023  0.26404134  0.25873431  0.26974029  0.24877525  0.26436883
   0.26735655  0.25638548  0.23783639  0.25399101]]
Generation 136 | highest fitness: 0.44 | Born: 1 | prediction: 0.4
[[ 0.27042523  0.23640856  0.25875707  0.23670252  0.2511116   0.24001547
   0.26990088  0.26119875  0.25045219  0.24608788]
 [ 0.22996835  0.26484572  0.25686025  0.26699189  0.24844976  0.26101797
   0.26499355  0.2545504   0.23734666  0.25357894]]
Generation 137 | highest fitness: 0.44 | Born: 1 | prediction: 0.39
[[ 0.26905728  0.23782035  0.25726261  0.23634277  0.25188463  0.2392382
   0.26889628  0.2582442   0.24805954  0.24837116]
 [ 0.23231835  0.26310813  0.25595623  0.26416026  0.24838608  0.26004785
   0.2629003   0.25368311  0.23957936  0.25202048]]
Generation 138 | highest fitness: 0.39 | Born: 1 | prediction: 0.35
[[ 0.26636277  0.2381102   0.25617315  0.23665709  0.25370363  0.23950456
   0.26655685  0.25819575  0.2467701   0.24989593]
 [ 0.23431919  0.26172029  0.25575721  0.26275281  0.24656913  0.25871708
   0.26186816  0.25106374  0.24179662  0.24978394]]
Generation 139 | highest fitness: 0.43 | Born: 1 | prediction: 0.42
[[ 0.26531906  0.23962436  0.25420675  0.23783521  0.25498934  0.24028365
   0.26622496  0.2572717   0.24565611  0.25195208]
 [ 0.23509017  0.26120936  0.25430764  0.26044805  0.24602059  0.25685117
   0.26277192  0.24864899  0.24347457  0.24775039]]
Generation 140 | highest fitness: 0.45 | Born: 1 | prediction: 0.48
[[ 0.26486333  0.23961576  0.25280947  0.24050589  0.25509167  0.24253341
   0.26764499  0.25771261  0.24365102  0.25172896]
 [ 0.23483016  0.25780228  0.2544077   0.2585531   0.24553972  0.25540308
   0.26045582  0.24699245  0.24304514  0.24536363]]
Generation 141 | highest fitness: 0.5 | Born: 1 | prediction: 0.45
[[ 0.2632278   0.23960703  0.25178163  0.24087208  0.25324094  0.243645
   0.26752315  0.25776938  0.2431788   0.25228426]
 [ 0.23649543  0.2570615   0.25296649  0.25895335  0.2446687   0.25432671
   0.25888869  0.24532007  0.24415383  0.24449628]]
Generation 142 | highest fitness: 0.5 | Born: 1 | prediction: 0.48
[[ 0.26171432  0.24087245  0.25048591  0.24288995  0.25191745  0.2448336
   0.26748097  0.25635975  0.24359976  0.2533085 ]
 [ 0.23532381  0.25548845  0.25262154  0.2577261   0.24448572  0.25280704
   0.25881088  0.24282803  0.24512907  0.24469939]]
Generation 143 | highest fitness: 0.56 | Born: 1 | prediction: 0.41
[[ 0.26101167  0.24133139  0.24919227  0.24568529  0.25138911  0.24561744
   0.26588495  0.25535698  0.24282402  0.25631386]
 [ 0.23573436  0.25546831  0.25033261  0.25532814  0.2439239   0.25051414
   0.25677809  0.24191328  0.24571853  0.24257966]]
Generation 144 | highest fitness: 0.56 | Born: 1 | prediction: 0.31
[[ 0.25911808  0.24276157  0.24839939  0.24904077  0.2493238   0.24409913
   0.2626537   0.25116351  0.24218638  0.25697252]
 [ 0.235964    0.25417299  0.24952239  0.25403508  0.24160711  0.24929857
   0.25425438  0.24043372  0.24820205  0.24269911]]
Generation 145 | highest fitness: 0.56 | Born: 1 | prediction: 0.49
[[ 0.25587639  0.24490952  0.24663135  0.25106915  0.24796135  0.24537524
   0.26146058  0.24934284  0.2418062   0.25715712]
 [ 0.2397306   0.2512591   0.24546282  0.25154185  0.24273918  0.24858406
   0.25133862  0.23908779  0.2487652   0.24046618]]
Generation 146 | highest fitness: 0.5 | Born: 1 | prediction: 0.52
[[ 0.25712495  0.2479596   0.24493736  0.25202725  0.24584688  0.24410017
   0.25866785  0.24798371  0.24217593  0.25837855]
 [ 0.24360326  0.25298413  0.24418468  0.25054346  0.2434514   0.24802685
   0.24879051  0.23792354  0.24936976  0.24005398]]
Generation 147 | highest fitness: 0.62 | Born: 1 | prediction: 0.66
[[ 0.25454319  0.24790091  0.24102433  0.25384672  0.24387255  0.24568037
   0.25527405  0.24635965  0.24027197  0.26242364]
 [ 0.24576156  0.25302199  0.24400919  0.24675896  0.24212922  0.24545319
   0.24891115  0.23748458  0.24947897  0.23957297]]
Generation 148 | highest fitness: 0.69 | Born: 1 | prediction: 0.63
[[ 0.25475746  0.24783982  0.23912098  0.25525158  0.24270438  0.24919336
   0.25547541  0.24554028  0.23956019  0.26406967]
 [ 0.24904569  0.25305443  0.24423353  0.24537621  0.24316786  0.24332397
   0.24748257  0.23591217  0.25307108  0.23679467]]
Generation 149 | highest fitness: 0.69 | Born: 1 | prediction: 0.54
[[ 0.25456426  0.24855719  0.23732288  0.25466355  0.24160271  0.25103738
   0.25642182  0.24476553  0.23736839  0.26445607]
 [ 0.25219955  0.25119381  0.24253054  0.24403302  0.24376523  0.24353832
   0.24610174  0.2347381   0.25425191  0.2348444 ]]
Generation 150 | highest fitness: 0.69 | Born: 1 | prediction: 0.56
[[ 0.25257575  0.24972849  0.23638911  0.25649682  0.2402146   0.25140227
   0.25554909  0.24255952  0.23643386  0.26383053]
 [ 0.25441047  0.2492876   0.24005443  0.24227768  0.24276795  0.24329825
   0.24543144  0.233931    0.25604338  0.23403506]]
Generation 151 | highest fitness: 0.64 | Born: 1 | prediction: 0.72
[[ 0.25118229  0.25030726  0.23573596  0.25578019  0.23871306  0.2523258
   0.25141696  0.23909689  0.23577971  0.26524248]
 [ 0.25679817  0.24797552  0.23775464  0.23918635  0.2415594   0.24208128
   0.24380248  0.23399713  0.25613647  0.23258708]]
Generation 152 | highest fitness: 0.74 | Born: 1 | prediction: 0.75
[[ 0.24960613  0.250302    0.23325723  0.25957107  0.23929522  0.25423089
   0.25061475  0.23772757  0.23485616  0.26848243]
 [ 0.25895307  0.24686854  0.23686716  0.23750116  0.23943977  0.23995044
   0.24163468  0.23280686  0.25830558  0.23296103]]
Generation 153 | highest fitness: 0.76 | Born: 1 | prediction: 0.67
[[ 0.24731098  0.2499127   0.23126321  0.26131345  0.23795746  0.2568391
   0.25098716  0.23680242  0.23244895  0.2692932 ]
 [ 0.25802149  0.24541872  0.235236    0.23472403  0.23889158  0.23750302
   0.23990985  0.23125548  0.25663105  0.22951743]]
Generation 154 | highest fitness: 0.76 | Born: 1 | prediction: 0.69
[[ 0.24650788  0.2520832   0.23110974  0.2629132   0.23731313  0.25776037
   0.24861277  0.23466882  0.23189814  0.27151194]
 [ 0.2601716   0.24412394  0.23414852  0.23512755  0.23587895  0.23525895
   0.23909736  0.23024903  0.25732888  0.22854636]]
Generation 155 | highest fitness: 0.76 | Born: 1 | prediction: 0.67
[[ 0.24545845  0.25426922  0.22922263  0.26305405  0.23716825  0.25947491
   0.24752591  0.23494148  0.23184956  0.2726114 ]
 [ 0.26361107  0.24241913  0.23190577  0.23322947  0.23360352  0.23481101
   0.23857694  0.22880623  0.26009573  0.22677256]]
Generation 156 | highest fitness: 0.69 | Born: 1 | prediction: 0.69
[[ 0.2452905   0.25607266  0.22652853  0.26429505  0.23646528  0.26152167
   0.24658668  0.23247899  0.22909554  0.27435852]
 [ 0.26405771  0.24243005  0.23241443  0.23228722  0.23301465  0.23277277
   0.23792213  0.22756429  0.26238067  0.22519924]]
Generation 157 | highest fitness: 0.7 | Born: 1 | prediction: 0.69
[[ 0.24359157  0.25596892  0.22479421  0.26262736  0.23384947  0.26203661
   0.2448656   0.23171066  0.22874088  0.27501005]
 [ 0.26450412  0.24010603  0.23273612  0.23155588  0.23297357  0.23203255
   0.23462521  0.22727113  0.26356134  0.2235422 ]]
Generation 158 | highest fitness: 0.7 | Born: 1 | prediction: 0.71
[[ 0.24267002  0.25620122  0.22528673  0.26656769  0.23556074  0.26215034
   0.2428724   0.23102126  0.22845843  0.27556813]
 [ 0.26705443  0.23887114  0.23299927  0.23149059  0.23392595  0.22988145
   0.23347387  0.22623188  0.26404747  0.22082768]]
Generation 159 | highest fitness: 0.71 | Born: 1 | prediction: 0.76
[[ 0.24235392  0.25670653  0.2245523   0.2675998   0.23329337  0.26325074
   0.24117906  0.22882407  0.22595733  0.275087  ]
 [ 0.26852028  0.23712453  0.23238228  0.23056186  0.2315919   0.22864287
   0.23148822  0.22540148  0.26488965  0.21839858]]
Generation 160 | highest fitness: 0.77 | Born: 1 | prediction: 0.76
[[ 0.24018016  0.25804764  0.2229762   0.27047499  0.23260561  0.26415807
   0.2390224   0.22786284  0.22436078  0.27616056]
 [ 0.27141971  0.23561848  0.23263379  0.23018102  0.23152496  0.22663107
   0.22975582  0.22411827  0.26952552  0.21658152]]
Generation 161 | highest fitness: 0.78 | Born: 1 | prediction: 0.7
[[ 0.23775146  0.25933781  0.22314951  0.27090407  0.23029554  0.26501931
   0.23694505  0.22662672  0.22284628  0.2778335 ]
 [ 0.27358732  0.23480325  0.23055963  0.22847715  0.23078083  0.22400578
   0.22805934  0.22415816  0.27008756  0.21576923]]
Generation 162 | highest fitness: 0.78 | Born: 1 | prediction: 0.68
[[ 0.23638192  0.26091628  0.22134896  0.27000758  0.23035332  0.26683826
   0.23558795  0.22411638  0.2210504   0.27781441]
 [ 0.27471462  0.23466006  0.22984468  0.22554306  0.2300621   0.22308061
   0.22642078  0.22387459  0.27127461  0.21434047]]
Generation 163 | highest fitness: 0.74 | Born: 1 | prediction: 0.77
[[ 0.23632873  0.26246292  0.22053433  0.27013365  0.22941342  0.26700841
   0.23360466  0.22358677  0.22088697  0.27912597]
 [ 0.27640402  0.23169463  0.22759865  0.2224257   0.22876102  0.2219054
   0.22518535  0.22458281  0.27302602  0.21427171]]
Generation 164 | highest fitness: 0.77 | Born: 1 | prediction: 0.67
[[ 0.23501977  0.26426798  0.21978062  0.27118647  0.22725201  0.26810804
   0.23233651  0.22151263  0.2198093   0.28131881]
 [ 0.27589092  0.23036328  0.2254016   0.22093609  0.22716696  0.2213576
   0.22458347  0.22399087  0.27536831  0.21322761]]
Generation 165 | highest fitness: 0.77 | Born: 1 | prediction: 0.71
[[ 0.23432352  0.26622978  0.2190193   0.27209504  0.22480149  0.26938028
   0.23011658  0.22166353  0.21842055  0.28268918]
 [ 0.27642952  0.22973267  0.22515049  0.21952468  0.22505088  0.22116599
   0.22250539  0.22222801  0.2749951   0.2116231 ]]
Generation 166 | highest fitness: 0.77 | Born: 1 | prediction: 0.71
[[ 0.23210733  0.26658637  0.21735704  0.27389982  0.22335494  0.27307933
   0.22858478  0.22088422  0.21707635  0.28278177]
 [ 0.27906689  0.22912035  0.22309433  0.22026859  0.22329821  0.22128199
   0.22260197  0.22112039  0.27644504  0.21127335]]
Generation 167 | highest fitness: 0.77 | Born: 1 | prediction: 0.73
[[ 0.23117545  0.26723528  0.21665801  0.27686196  0.22225764  0.27423292
   0.22740492  0.21952234  0.215471    0.28590728]
 [ 0.27984244  0.22852553  0.22169241  0.21980028  0.2227866   0.22199015
   0.22299353  0.21944894  0.27785354  0.21093359]]
Generation 168 | highest fitness: 0.72 | Born: 1 | prediction: 0.72
[[ 0.23167573  0.267207    0.21617454  0.27848739  0.22109382  0.27470034
   0.22706306  0.21780034  0.21410752  0.28470791]
 [ 0.28005596  0.22716035  0.22013614  0.21944545  0.22209383  0.22130929
   0.22024466  0.21763295  0.27868338  0.20895168]]
Generation 169 | highest fitness: 0.72 | Born: 1 | prediction: 0.73
[[ 0.2304388   0.2683156   0.21460925  0.27940688  0.21974017  0.27538919
   0.2264917   0.21650191  0.212871    0.28493487]
 [ 0.28004368  0.22520014  0.21797378  0.21787096  0.22193452  0.22058048
   0.22010838  0.21608103  0.27839856  0.20692861]]
Generation 170 | highest fitness: 0.72 | Born: 1 | prediction: 0.77
[[ 0.23073347  0.27035722  0.21456299  0.28128141  0.21961662  0.2758758
   0.22510769  0.21526838  0.21285092  0.28585706]
 [ 0.28191702  0.22354055  0.21755593  0.21574055  0.22060538  0.2192699
   0.21908994  0.21454648  0.27915181  0.20494824]]
Generation 171 | highest fitness: 0.77 | Born: 1 | prediction: 0.76
[[ 0.22915245  0.27078045  0.21321285  0.2838331   0.21790878  0.27564913
   0.22332144  0.21476483  0.21152523  0.2866301 ]
 [ 0.28329822  0.22151922  0.21646379  0.2141107   0.22003357  0.21787199
   0.21910275  0.21321508  0.28000867  0.20318872]]
Generation 172 | highest fitness: 0.77 | Born: 1 | prediction: 0.71
[[ 0.22884711  0.27277868  0.21169525  0.28425931  0.21633291  0.27645891
   0.22337047  0.21322797  0.21031058  0.28730362]
 [ 0.28416754  0.21974331  0.21504364  0.21272708  0.21800346  0.21587544
   0.21736436  0.21323171  0.28259266  0.20280649]]
Generation 173 | highest fitness: 0.76 | Born: 1 | prediction: 0.81
[[ 0.22774933  0.27537379  0.21061029  0.28693751  0.21627848  0.27871454
   0.22208807  0.2121171   0.210358    0.28798964]
 [ 0.2849678   0.21794116  0.21411467  0.21182289  0.21676852  0.21576047
   0.21558766  0.21314502  0.28340977  0.20310563]]
Generation 174 | highest fitness: 0.81 | Born: 1 | prediction: 0.77
[[ 0.22587914  0.27583309  0.20980358  0.28859898  0.21593782  0.28158607
   0.22111824  0.21238217  0.20846167  0.28881625]
 [ 0.28640853  0.21646262  0.21322733  0.2106946   0.21611743  0.21485175
   0.21468118  0.21172881  0.28487075  0.20181988]]
Generation 175 | highest fitness: 0.81 | Born: 1 | prediction: 0.7
[[ 0.22493698  0.27729622  0.20931404  0.29099804  0.21510847  0.28325412
   0.2196897   0.21159318  0.20744697  0.28688965]
 [ 0.28704513  0.21578163  0.21179671  0.21010278  0.21517523  0.21392911
   0.21322808  0.2105879   0.28793008  0.20136527]]
Generation 176 | highest fitness: 0.81 | Born: 1 | prediction: 0.75
[[ 0.22413113  0.27847289  0.20844567  0.29359568  0.21363104  0.28435294
   0.21788574  0.20962834  0.20766966  0.28794097]
 [ 0.28661404  0.21578035  0.21184887  0.20965172  0.21307828  0.2126378
   0.2127351   0.2093414   0.28775009  0.20103139]]
Generation 177 | highest fitness: 0.75 | Born: 1 | prediction: 0.77
[[ 0.22278961  0.27767438  0.20653817  0.29494844  0.21270147  0.28662555
   0.21663289  0.20744117  0.20629895  0.28884823]
 [ 0.28734566  0.21527994  0.21113562  0.20974422  0.21261017  0.21165529
   0.21123176  0.20917779  0.28950746  0.19966793]]
Generation 178 | highest fitness: 0.77 | Born: 1 | prediction: 0.76
[[ 0.22078887  0.27849944  0.20600343  0.29507777  0.21158375  0.28788021
   0.2159957   0.20663705  0.2052462   0.28851904]
 [ 0.28746637  0.21345571  0.20912028  0.20775059  0.21159493  0.21218961
   0.20998225  0.20744877  0.28959444  0.19859885]]
Generation 179 | highest fitness: 0.77 | Born: 1 | prediction: 0.76
[[ 0.22078207  0.28095167  0.20493879  0.29676676  0.21017845  0.28890919
   0.21452369  0.20530655  0.20444929  0.29158861]
 [ 0.28878612  0.21301232  0.20872188  0.20686015  0.21015835  0.21150624
   0.20856241  0.20656147  0.29139836  0.19805652]]
Generation 180 | highest fitness: 0.76 | Born: 1 | prediction: 0.85
[[ 0.21942688  0.2830403   0.20406041  0.29711569  0.20846798  0.28987461
   0.21300439  0.20467563  0.20332519  0.29327408]
 [ 0.2883589   0.21241839  0.20842554  0.20683466  0.20909519  0.21042822
   0.20751682  0.20603859  0.29169337  0.19687631]]
Generation 181 | highest fitness: 0.85 | Born: 1 | prediction: 0.85
[[ 0.21813209  0.28318122  0.20221279  0.29807532  0.20806092  0.29017803
   0.21204075  0.20506514  0.20223524  0.29552977]
 [ 0.28956336  0.21108086  0.20713639  0.20482288  0.20705602  0.20911481
   0.20549678  0.20527297  0.29285743  0.19622172]]
Generation 182 | highest fitness: 0.85 | Born: 1 | prediction: 0.78
[[ 0.21796243  0.28469037  0.20149607  0.29965106  0.2065343   0.29061698
   0.21145179  0.20456041  0.20102539  0.29565768]
 [ 0.29157386  0.20991711  0.20724288  0.20373708  0.20545396  0.20773133
   0.20440258  0.20393734  0.29531534  0.19451038]]
Generation 183 | highest fitness: 0.85 | Born: 1 | prediction: 0.69
[[ 0.21671733  0.28553749  0.20021198  0.30031249  0.20591778  0.29187728
   0.20980075  0.20275154  0.19974714  0.29661205]
 [ 0.29343524  0.20960677  0.2057575   0.20181049  0.2051964   0.20624017
   0.20319212  0.20297371  0.29544314  0.1941409 ]]
Generation 184 | highest fitness: 0.85 | Born: 1 | prediction: 0.75
[[ 0.21622392  0.28636384  0.19944014  0.30288079  0.20483561  0.29310668
   0.20843059  0.20170819  0.198981    0.29754301]
 [ 0.29382203  0.20882666  0.20573791  0.20136     0.20470634  0.2054994
   0.20224846  0.20107856  0.29628349  0.19354154]]
Generation 185 | highest fitness: 0.78 | Born: 1 | prediction: 0.83
[[ 0.21603123  0.28628826  0.19992185  0.30165892  0.20382806  0.29461374
   0.20690527  0.20073777  0.19756792  0.29852232]
 [ 0.29389484  0.20872263  0.20472748  0.19992976  0.20394377  0.20425608
   0.20127916  0.20012304  0.2975058   0.19267484]]
Generation 186 | highest fitness: 0.83 | Born: 1 | prediction: 0.82
[[ 0.21508835  0.2877901   0.19917178  0.30297679  0.20326592  0.29601593
   0.20583693  0.19997794  0.19708071  0.29823491]
 [ 0.29473348  0.2077376   0.20425408  0.1985791   0.20347932  0.20285602
   0.19968008  0.19923619  0.2980702   0.19233906]]
Generation 187 | highest fitness: 0.83 | Born: 1 | prediction: 0.74
[[ 0.21348767  0.28889567  0.19843765  0.30368798  0.20272024  0.29703365
   0.20479943  0.19900301  0.19660109  0.29899674]
 [ 0.29590348  0.20722724  0.20378701  0.19703197  0.20256165  0.20125574
   0.19834938  0.1992917   0.29896862  0.19155982]]
Generation 188 | highest fitness: 0.83 | Born: 1 | prediction: 0.83
[[ 0.21128982  0.28980158  0.19667222  0.30508112  0.20158407  0.29782958
   0.20363516  0.19814612  0.19508952  0.29976615]
 [ 0.29610134  0.20757003  0.20279417  0.19655819  0.20158025  0.20028655
   0.19740736  0.19834087  0.30050563  0.19159311]]
Generation 189 | highest fitness: 0.83 | Born: 1 | prediction: 0.74
[[ 0.21042318  0.2922374   0.19576456  0.30551428  0.20061421  0.29880687
   0.20218703  0.19699365  0.19374962  0.30184963]
 [ 0.29677202  0.20641149  0.20168305  0.19663751  0.2007069   0.19852324
   0.19634974  0.19749968  0.30068117  0.19059323]]
Generation 190 | highest fitness: 0.83 | Born: 1 | prediction: 0.82
[[ 0.21009431  0.29354686  0.1946879   0.30579453  0.19926483  0.29893082
   0.20126954  0.19568074  0.19269326  0.30171906]
 [ 0.29848361  0.20588701  0.20143948  0.19600993  0.20002943  0.19831841
   0.19550276  0.19641567  0.30256775  0.19003977]]
Generation 191 | highest fitness: 0.83 | Born: 1 | prediction: 0.83
[[ 0.20861761  0.29476487  0.19447614  0.30644454  0.19812008  0.30098029
   0.19988278  0.19545887  0.19183708  0.30307536]
 [ 0.29823731  0.20409878  0.20058529  0.19500004  0.19919201  0.19816219
   0.19515975  0.19562124  0.30271343  0.18932118]]
Generation 192 | highest fitness: 0.83 | Born: 1 | prediction: 0.81
[[ 0.20848679  0.2955196   0.19382997  0.30708142  0.1967791   0.302111
   0.20027879  0.19458343  0.19077884  0.30440428]
 [ 0.30039141  0.20322337  0.1990981   0.1940139   0.19880966  0.19648579
   0.19395403  0.19484548  0.30372646  0.18883717]]
Generation 193 | highest fitness: 0.83 | Born: 1 | prediction: 0.81
[[ 0.20773542  0.29524791  0.19260312  0.30753884  0.19508363  0.30392807
   0.19832487  0.19313086  0.19002183  0.30771115]
 [ 0.30135773  0.20189862  0.19846011  0.19385639  0.19817446  0.1952264
   0.19228804  0.193602    0.30422926  0.18808315]]
Generation 194 | highest fitness: 0.81 | Born: 1 | prediction: 0.89
[[ 0.20683188  0.29611694  0.1916604   0.30869414  0.19368376  0.30405401
   0.19667329  0.19218204  0.18975165  0.30865023]
 [ 0.30266787  0.2005565   0.19757868  0.19237978  0.1981497   0.19437673
   0.19210761  0.19276828  0.3055112   0.18666322]]
Generation 195 | highest fitness: 0.89 | Born: 1 | prediction: 0.72
[[ 0.2054064   0.29613444  0.19059824  0.31028299  0.19238935  0.3059012
   0.19598534  0.19238723  0.18828434  0.30917906]
 [ 0.30413666  0.20000148  0.19705697  0.191283    0.19741053  0.19304654
   0.19038065  0.19145608  0.30673711  0.1856304 ]]
Generation 196 | highest fitness: 0.89 | Born: 1 | prediction: 0.84
[[ 0.20459608  0.29692923  0.18972721  0.3113551   0.19171021  0.30575775
   0.19485006  0.19275788  0.18659681  0.31026229]
 [ 0.30480161  0.19991795  0.19679663  0.19108534  0.19651999  0.19282973
   0.18956644  0.19063019  0.30758262  0.18507654]]
Generation 197 | highest fitness: 0.89 | Born: 1 | prediction: 0.86
[[ 0.20342139  0.29798215  0.18789847  0.31140754  0.19048044  0.30712121
   0.19358316  0.19255307  0.18625738  0.31177995]
 [ 0.30622807  0.19855296  0.1969079   0.19000588  0.19497831  0.1921486
   0.18891434  0.18996863  0.30836354  0.18425747]]
125.11
done
