starting
Generation 000 | highest fitness: 0.97 | Born: 0 | prediction: 0.9
[[ 0.9         0.625       0.775       0.68333333  0.95833333  0.90833333
   0.60833333  0.54166667  0.68333333  0.66666667]
 [ 0.02083333  0.53576203  0.51682264  0.31266711  0.07297237  0.03553922
   0.28319964  0.23969474  0.34202317  0.05213904]]
Generation 001 | highest fitness: 0.97 | Born: 2 | prediction: 0.99
[[ 0.90081054  0.66350914  0.58461966  0.59156569  0.89495867  0.83942946
   0.66384506  0.60015607  0.67690612  0.91489993]
 [ 0.15666683  0.48304299  0.39263072  0.32252719  0.07519996  0.14060823
   0.49511845  0.47990036  0.37441735  0.05336897]]
Generation 002 | highest fitness: 0.99 | Born: 2 | prediction: 0.96
[[ 0.89051104  0.64232057  0.56821414  0.5435707   0.91198983  0.86425872
   0.59917079  0.54700878  0.61571209  0.9120879 ]
 [ 0.14893617  0.46453901  0.39716312  0.37588652  0.08156028  0.16666667
   0.4822695   0.44326241  0.37234043  0.06382979]]
Generation 003 | highest fitness: 0.99 | Born: 2 | prediction: 0.97
[[ 0.86157937  0.64915925  0.55023732  0.60859602  0.90631832  0.87742573
   0.6007224   0.54803734  0.62772133  0.89272544]
 [ 0.10715882  0.39143731  0.35640669  0.3557935   0.08579042  0.14436269
   0.42137622  0.39443344  0.34286154  0.0897982 ]]
Generation 004 | highest fitness: 0.98 | Born: 2 | prediction: 0.96
[[ 0.87866087  0.64084821  0.56791514  0.5592277   0.91792988  0.89081211
   0.60995093  0.57116503  0.63233601  0.89289805]
 [ 0.1374776   0.39700934  0.39881597  0.35101454  0.08071932  0.14098139
   0.41517284  0.39446256  0.3585084   0.08458176]]
Generation 005 | highest fitness: 0.98 | Born: 2 | prediction: 0.95
[[ 0.89636251  0.61734661  0.57506467  0.56678505  0.91247679  0.87167722
   0.61906581  0.57997667  0.6365163   0.90319201]
 [ 0.1228866   0.38005439  0.42879163  0.34080707  0.0732349   0.12340105
   0.40154369  0.38146482  0.3669848   0.09036892]]
Generation 006 | highest fitness: 0.98 | Born: 2 | prediction: 0.99
[[ 0.89382007  0.61909263  0.60482608  0.57189213  0.90751583  0.86035754
   0.61328113  0.57057641  0.61007917  0.90666562]
 [ 0.10869438  0.36248727  0.42467716  0.33338195  0.09554254  0.11541248
   0.4032632   0.37863286  0.39496235  0.09144132]]
Generation 007 | highest fitness: 0.99 | Born: 2 | prediction: 0.97
[[ 0.89725533  0.6162134   0.61467653  0.56014059  0.90404249  0.87378132
   0.61647433  0.5872738   0.60468743  0.91369756]
 [ 0.10959987  0.37554288  0.4133038   0.34020066  0.10173016  0.11619333
   0.40907677  0.37935646  0.39292131  0.08938717]]
Generation 008 | highest fitness: 0.99 | Born: 2 | prediction: 0.98
[[ 0.88906669  0.61192604  0.61898406  0.55170552  0.91138628  0.87442362
   0.6132647   0.59494223  0.6153255   0.90792098]
 [ 0.10751956  0.38505926  0.43265181  0.34362513  0.09947364  0.112536
   0.41683932  0.37930738  0.38469541  0.09407417]]
Generation 009 | highest fitness: 0.99 | Born: 2 | prediction: 0.95
[[ 0.88301558  0.62273258  0.61229775  0.5532397   0.90835802  0.86721505
   0.60420427  0.60564961  0.61669841  0.90555551]
 [ 0.11567584  0.38868931  0.43991486  0.34958693  0.09730164  0.10778996
   0.41818332  0.36209983  0.38694645  0.08920674]]
Generation 010 | highest fitness: 0.99 | Born: 2 | prediction: 0.99
[[ 0.87679611  0.62089615  0.62413456  0.56535372  0.91529275  0.8649319
   0.61004546  0.59284362  0.62429485  0.90427742]
 [ 0.11987962  0.38674202  0.43931694  0.35805942  0.09867057  0.10490426
   0.41236591  0.35322436  0.37837551  0.0963917 ]]
Generation 011 | highest fitness: 0.99 | Born: 2 | prediction: 0.99
[[ 0.87258192  0.61637179  0.61865923  0.56773919  0.91016615  0.86597669
   0.60544824  0.59229907  0.63672857  0.90312598]
 [ 0.11820623  0.38907354  0.4363236   0.36474233  0.09631894  0.10255573
   0.40448312  0.35951813  0.38002887  0.10489347]]
Generation 012 | highest fitness: 1.0 | Born: 2 | prediction: 0.96
[[ 0.87537753  0.61358525  0.62142329  0.57331009  0.90906855  0.8641575
   0.60252592  0.59936008  0.63811575  0.90603739]
 [ 0.13391021  0.39013907  0.41729201  0.37637751  0.0897398   0.10481319
   0.39577398  0.36089661  0.38419788  0.11985401]]
Generation 013 | highest fitness: 1.0 | Born: 2 | prediction: 0.96
[[ 0.88358344  0.6073989   0.60799117  0.57467804  0.90713393  0.868329
   0.60154329  0.61439474  0.63887018  0.89577141]
 [ 0.12866239  0.37522599  0.42287903  0.36768249  0.08738538  0.1072553
   0.40182815  0.36474389  0.38086078  0.12507002]]
Generation 014 | highest fitness: 1.0 | Born: 2 | prediction: 0.99
[[ 0.88266608  0.61440841  0.60406219  0.58416748  0.90030843  0.86991348
   0.6123944   0.60675388  0.6333538   0.89330095]
 [ 0.13006237  0.37021726  0.41471107  0.3621022   0.09137978  0.10678259
   0.39654145  0.36216344  0.38113351  0.12393093]]
Generation 015 | highest fitness: 0.99 | Born: 2 | prediction: 0.95
[[ 0.8770124   0.61155353  0.61072695  0.5884582   0.90233787  0.87599637
   0.60841581  0.60582537  0.62056719  0.88749715]
 [ 0.12970655  0.36477372  0.41033969  0.35328314  0.09463028  0.1062206
   0.40049434  0.35992453  0.3788978   0.12518452]]
Generation 016 | highest fitness: 0.99 | Born: 2 | prediction: 0.97
[[ 0.87994008  0.60262857  0.61414821  0.59220327  0.89726989  0.88072255
   0.60570962  0.60065865  0.62127769  0.89098102]
 [ 0.12233449  0.36953612  0.41829749  0.36116056  0.10503895  0.10301821
   0.40161817  0.35436324  0.38676468  0.1312921 ]]
Generation 017 | highest fitness: 0.99 | Born: 2 | prediction: 0.96
[[ 0.87616952  0.60362798  0.62257317  0.59099795  0.89628325  0.88793078
   0.60934005  0.59747118  0.61688485  0.88784157]
 [ 0.12422683  0.37011166  0.41381618  0.36333323  0.10082967  0.1034861
   0.40416159  0.35420942  0.38779531  0.12912943]]
Generation 018 | highest fitness: 0.99 | Born: 2 | prediction: 0.99
[[ 0.87311468  0.60999792  0.62098219  0.59543367  0.89744878  0.88430813
   0.61403153  0.5945392   0.61131265  0.88954134]
 [ 0.12876896  0.37803357  0.40311426  0.36920706  0.09845002  0.10132233
   0.39182338  0.34435054  0.38755613  0.1226313 ]]
Generation 019 | highest fitness: 0.99 | Born: 2 | prediction: 0.98
[[ 0.87847439  0.60735424  0.62346764  0.59539584  0.89499271  0.87848659
   0.61402691  0.59914787  0.61470734  0.89062566]
 [ 0.1236546   0.37448175  0.40301052  0.36473356  0.10054141  0.10003664
   0.39855927  0.35330093  0.39438166  0.12614489]]
Generation 020 | highest fitness: 0.99 | Born: 2 | prediction: 0.99
[[ 0.88069384  0.61061254  0.62428139  0.60324882  0.89364589  0.88077641
   0.61285494  0.60290015  0.61357865  0.8881467 ]
 [ 0.12664206  0.35980138  0.40047578  0.37003111  0.10171399  0.09575201
   0.39612774  0.34958003  0.38287025  0.12658452]]
Generation 021 | highest fitness: 0.99 | Born: 2 | prediction: 0.97
[[ 0.88025817  0.61526234  0.61621703  0.60489217  0.88942759  0.88142235
   0.61304603  0.60774519  0.61466608  0.88859478]
 [ 0.12684301  0.35960204  0.39886833  0.37151307  0.10378499  0.09980383
   0.38636873  0.3541049   0.38429885  0.12925724]]
Generation 022 | highest fitness: 0.99 | Born: 2 | prediction: 0.93
[[ 0.87428907  0.61050709  0.62104237  0.60494399  0.88549139  0.87822659
   0.6098154   0.61221129  0.61134102  0.88984955]
 [ 0.13041369  0.3584904   0.39557614  0.37115813  0.10899879  0.09952333
   0.37739919  0.35688961  0.38783263  0.12777269]]
Generation 023 | highest fitness: 0.99 | Born: 2 | prediction: 0.98
[[ 0.87345584  0.6199646   0.62414001  0.60851119  0.87882755  0.86629372
   0.60504489  0.61525718  0.61423247  0.87839298]
 [ 0.13118888  0.36308859  0.39643856  0.36289104  0.11249639  0.10505457
   0.37682402  0.35486898  0.38375667  0.1341416 ]]
Generation 024 | highest fitness: 0.98 | Born: 2 | prediction: 0.99
[[ 0.86518799  0.62257457  0.62021401  0.6093222   0.87731589  0.86453978
   0.61128672  0.61806113  0.61540656  0.87811064]
 [ 0.12702452  0.36413558  0.39726205  0.36311495  0.11128238  0.10343784
   0.37810879  0.35976251  0.38681407  0.13625669]]
Generation 025 | highest fitness: 0.99 | Born: 2 | prediction: 0.96
[[ 0.86671224  0.62320685  0.62322682  0.60867942  0.87935234  0.86731177
   0.61603469  0.61885356  0.61980719  0.87898915]
 [ 0.12665471  0.36510974  0.39984681  0.36532172  0.10983723  0.10122551
   0.37619568  0.35928603  0.38360341  0.13494039]]
Generation 026 | highest fitness: 0.99 | Born: 2 | prediction: 0.97
[[ 0.86830938  0.62116868  0.61886244  0.60961135  0.87563077  0.86648318
   0.61863881  0.61713853  0.61893399  0.87194915]
 [ 0.12738449  0.36842098  0.40349593  0.36250291  0.11297516  0.09857978
   0.37673744  0.36078389  0.38122381  0.13908729]]
Generation 027 | highest fitness: 0.99 | Born: 2 | prediction: 0.96
[[ 0.87050043  0.61841354  0.62054518  0.6095461   0.87538495  0.86772272
   0.6180937   0.61564878  0.618415    0.87193034]
 [ 0.12584529  0.36964417  0.40552991  0.36158969  0.11488766  0.10112475
   0.37880662  0.35853042  0.38507285  0.13569907]]
Generation 028 | highest fitness: 0.97 | Born: 2 | prediction: 0.94
[[ 0.86960355  0.62243978  0.62681907  0.61057348  0.87418322  0.86702684
   0.61975946  0.61747733  0.62125813  0.8697751 ]
 [ 0.12789478  0.37033057  0.40491922  0.36247423  0.11488922  0.10404433
   0.38325941  0.35957783  0.38256484  0.13325802]]
Generation 029 | highest fitness: 0.96 | Born: 2 | prediction: 0.97
[[ 0.86350116  0.62161831  0.62952033  0.61520181  0.87466199  0.86588152
   0.62198962  0.62080245  0.62339375  0.8734024 ]
 [ 0.13051001  0.37483732  0.4049522   0.3646377   0.11421072  0.10488106
   0.37868089  0.35617115  0.3808863   0.13752125]]
Generation 030 | highest fitness: 0.97 | Born: 2 | prediction: 0.97
[[ 0.86495203  0.62554495  0.62607365  0.61344682  0.87624295  0.8670036
   0.60834849  0.61492913  0.62032907  0.87201778]
 [ 0.12955486  0.37849748  0.405779    0.3678478   0.11559012  0.10494742
   0.37805117  0.35639879  0.37930329  0.13627385]]
Generation 031 | highest fitness: 0.98 | Born: 2 | prediction: 0.92
[[ 0.86821815  0.62992932  0.62661031  0.609715    0.87509394  0.86821487
   0.61082563  0.61990557  0.61824852  0.86818517]
 [ 0.12874004  0.37479732  0.40349815  0.37014175  0.11912949  0.10441567
   0.37344397  0.36106635  0.37101147  0.13970967]]
Generation 032 | highest fitness: 0.98 | Born: 2 | prediction: 0.98
[[ 0.86859308  0.6283792   0.62761118  0.61197427  0.8743632   0.86695593
   0.61202369  0.62429884  0.61785866  0.86832787]
 [ 0.13262238  0.37947835  0.40563261  0.36816688  0.12233974  0.10754523
   0.37308752  0.36010296  0.37540166  0.13469175]]
Generation 033 | highest fitness: 0.99 | Born: 2 | prediction: 0.92
[[ 0.86981601  0.62569392  0.62784895  0.61476852  0.87371911  0.86563493
   0.61108135  0.61967644  0.62159061  0.86756507]
 [ 0.13264364  0.37769039  0.40633266  0.37108907  0.11995795  0.11030046
   0.36729909  0.36152212  0.37751712  0.13897666]]
Generation 034 | highest fitness: 0.99 | Born: 2 | prediction: 0.98
[[ 0.87081784  0.63033251  0.63024646  0.62254828  0.86881183  0.86113054
   0.60939585  0.62351128  0.62320362  0.8668684 ]
 [ 0.133946    0.37549125  0.40227613  0.36621398  0.12258409  0.11376775
   0.36942598  0.36278319  0.37371755  0.13720629]]
Generation 035 | highest fitness: 0.98 | Born: 2 | prediction: 0.94
[[ 0.86877296  0.63152767  0.62860803  0.62239713  0.87167342  0.85935346
   0.61053374  0.6222547   0.62829843  0.86504198]
 [ 0.13340534  0.38351598  0.39919533  0.36405538  0.12554687  0.11370919
   0.36871343  0.36774013  0.37594173  0.13583602]]
Generation 036 | highest fitness: 0.98 | Born: 2 | prediction: 0.96
[[ 0.86926342  0.63258649  0.62570408  0.62506575  0.86716154  0.86091169
   0.60857853  0.62391391  0.63279428  0.86316786]
 [ 0.13547561  0.38542283  0.39990399  0.35796726  0.12501179  0.11672653
   0.36987271  0.3752825   0.37660221  0.13787915]]
Generation 037 | highest fitness: 0.98 | Born: 2 | prediction: 0.97
[[ 0.86848229  0.63411723  0.6219567   0.62731626  0.86606126  0.86248314
   0.60914064  0.62721542  0.63494919  0.86418829]
 [ 0.1357366   0.38328965  0.39734361  0.36024039  0.12349719  0.11743745
   0.36696346  0.37074269  0.37403617  0.13816784]]
Generation 038 | highest fitness: 0.96 | Born: 2 | prediction: 0.97
[[ 0.86887784  0.63414406  0.62697148  0.62929032  0.86731272  0.86290341
   0.61313848  0.63150672  0.63721168  0.86410777]
 [ 0.13814841  0.38424467  0.39424098  0.35995519  0.12330117  0.12138855
   0.36970832  0.37193419  0.3733388   0.14208345]]
Generation 039 | highest fitness: 0.97 | Born: 2 | prediction: 0.97
[[ 0.86594111  0.63290326  0.62847936  0.63149345  0.86765667  0.86215034
   0.61419621  0.63057031  0.63547064  0.86473721]
 [ 0.13726114  0.38829501  0.38806136  0.35682094  0.12633256  0.12037739
   0.37041577  0.37235593  0.3768791   0.14531707]]
Generation 040 | highest fitness: 0.98 | Born: 2 | prediction: 0.96
[[ 0.86253249  0.63520384  0.63176446  0.6333494   0.86908228  0.86036636
   0.62082048  0.63579523  0.6350052   0.86423039]
 [ 0.13791396  0.39046486  0.38319248  0.35630135  0.12963115  0.11990296
   0.36834649  0.36841908  0.37258044  0.14715777]]
Generation 041 | highest fitness: 0.98 | Born: 2 | prediction: 0.9
[[ 0.86320871  0.63420957  0.63402924  0.63054731  0.86855407  0.85974227
   0.62200057  0.63781361  0.63641812  0.86624573]
 [ 0.13999066  0.38669983  0.38577159  0.35763358  0.12918935  0.12440174
   0.36781633  0.36967765  0.36605034  0.1477856 ]]
Generation 042 | highest fitness: 0.97 | Born: 2 | prediction: 0.96
[[ 0.86070099  0.63625481  0.6352767   0.63406689  0.8648797   0.85632944
   0.62025493  0.64308083  0.63722798  0.86656425]
 [ 0.14002365  0.38512523  0.38589048  0.35520928  0.13271179  0.1258929
   0.36783905  0.36964921  0.36409371  0.15081717]]
Generation 043 | highest fitness: 0.97 | Born: 2 | prediction: 0.95
[[ 0.86061926  0.63545016  0.63521609  0.63530509  0.86463801  0.85498575
   0.62013532  0.64317334  0.63651247  0.86603814]
 [ 0.14203963  0.38199541  0.38621108  0.35426014  0.1320393   0.12656014
   0.36629882  0.36943779  0.3669911   0.149306  ]]
Generation 044 | highest fitness: 0.97 | Born: 2 | prediction: 0.95
[[ 0.86085967  0.64076131  0.6381216   0.63641842  0.86415859  0.85596548
   0.62103013  0.64586811  0.63997077  0.86551876]
 [ 0.14150093  0.38009592  0.38569284  0.35134809  0.13543875  0.12773086
   0.36594381  0.36830484  0.3611117   0.15281146]]
Generation 045 | highest fitness: 0.97 | Born: 2 | prediction: 0.95
[[ 0.85996716  0.63998547  0.63916597  0.63487463  0.86266138  0.85355034
   0.6226643   0.64669614  0.64256948  0.86452679]
 [ 0.14317001  0.38027704  0.38346692  0.35249798  0.13651846  0.12911445
   0.36153782  0.37025746  0.35982464  0.15260072]]
Generation 046 | highest fitness: 0.96 | Born: 2 | prediction: 0.94
[[ 0.85971794  0.63878752  0.63799922  0.63484696  0.86327253  0.85355663
   0.62021823  0.6452312   0.64803191  0.86603005]
 [ 0.14548094  0.38322031  0.38220448  0.35468361  0.13797529  0.12923066
   0.36527408  0.36762359  0.36140397  0.15362494]]
Generation 047 | highest fitness: 0.95 | Born: 2 | prediction: 0.97
[[ 0.8599488   0.63941309  0.63636898  0.63788709  0.86257929  0.84945255
   0.62465973  0.64560825  0.648888    0.86368104]
 [ 0.14880442  0.37887873  0.38267971  0.35462557  0.13752685  0.13042575
   0.36354957  0.36721429  0.35981334  0.15470346]]
Generation 048 | highest fitness: 0.98 | Born: 2 | prediction: 0.97
[[ 0.86150323  0.64147424  0.63997321  0.64214109  0.86189489  0.84847939
   0.62789489  0.64675607  0.64991223  0.86224696]
 [ 0.14924773  0.37806818  0.38048046  0.35342632  0.14157135  0.1328075
   0.36266567  0.36363631  0.35842127  0.15428234]]
Generation 049 | highest fitness: 0.98 | Born: 2 | prediction: 0.98
[[ 0.86105369  0.64330999  0.64185263  0.64309048  0.85988572  0.84786968
   0.62867683  0.65077712  0.64661597  0.86104371]
 [ 0.15082674  0.37704411  0.38086281  0.35323857  0.14862515  0.13271086
   0.36067361  0.36236802  0.35657706  0.15495449]]
Generation 050 | highest fitness: 0.98 | Born: 2 | prediction: 0.96
[[ 0.86199848  0.64722319  0.64323244  0.64570382  0.85840234  0.84806054
   0.62924817  0.65438642  0.64930065  0.85823629]
 [ 0.15168518  0.37507355  0.37356792  0.35046636  0.15112217  0.13689385
   0.3610839   0.3609874   0.35372273  0.15225861]]
Generation 051 | highest fitness: 0.98 | Born: 2 | prediction: 0.98
[[ 0.85590635  0.65267807  0.64421503  0.64814277  0.8608266   0.84631349
   0.63152934  0.65880702  0.65075497  0.8575808 ]
 [ 0.15213254  0.37398343  0.37334487  0.34874512  0.14919716  0.13552282
   0.35496358  0.35885471  0.35187603  0.15269414]]
Generation 052 | highest fitness: 0.98 | Born: 2 | prediction: 0.97
[[ 0.85348038  0.65177362  0.64725623  0.64681732  0.85999285  0.84663799
   0.63022351  0.6582798   0.65114152  0.86049225]
 [ 0.15085084  0.36896705  0.37330459  0.35216566  0.15083896  0.1361067
   0.35338073  0.3591924   0.34959356  0.15214675]]
Generation 053 | highest fitness: 0.98 | Born: 2 | prediction: 0.95
[[ 0.85349784  0.65360386  0.64925421  0.64880982  0.86183038  0.84417571
   0.63343359  0.65922351  0.65367891  0.85352465]
 [ 0.14979946  0.3677399   0.37020098  0.35082331  0.15034883  0.13606081
   0.35260566  0.35937721  0.34663686  0.15621401]]
Generation 054 | highest fitness: 0.98 | Born: 2 | prediction: 0.95
[[ 0.84815919  0.65625508  0.65080709  0.64668438  0.85992028  0.84221096
   0.63485353  0.65739727  0.65632471  0.85313671]
 [ 0.15036209  0.36627045  0.36816707  0.35176431  0.15134595  0.13696436
   0.35683615  0.3573388   0.34674442  0.1548708 ]]
Generation 055 | highest fitness: 0.96 | Born: 2 | prediction: 0.94
[[ 0.84602626  0.65910028  0.65329082  0.64632357  0.85746475  0.84214216
   0.6381857   0.65730039  0.65716331  0.85129444]
 [ 0.1494528   0.36169055  0.36642864  0.35057776  0.15214772  0.13998427
   0.35607387  0.35479377  0.34572288  0.15205752]]
Generation 056 | highest fitness: 0.95 | Born: 2 | prediction: 0.96
[[ 0.84560689  0.65751375  0.65449314  0.64513816  0.85622337  0.84180282
   0.63821547  0.65475572  0.65829635  0.84969412]
 [ 0.14895408  0.35973834  0.36631238  0.34889535  0.15304302  0.13875756
   0.35378678  0.35349094  0.3417418   0.15245374]]
Generation 057 | highest fitness: 0.96 | Born: 2 | prediction: 0.96
[[ 0.84657199  0.66167644  0.65309816  0.64822191  0.85996425  0.84212129
   0.64314329  0.65587508  0.66314425  0.8457246 ]
 [ 0.14993091  0.35983245  0.36528846  0.34913892  0.15263375  0.13926094
   0.35365338  0.35397684  0.34087761  0.1527146 ]]
Generation 058 | highest fitness: 0.96 | Born: 2 | prediction: 0.92
[[ 0.84393206  0.65842098  0.65368914  0.64971329  0.85761064  0.84164393
   0.64259129  0.65720354  0.6630058   0.84617625]
 [ 0.15282322  0.35724937  0.3617585   0.34630235  0.15133022  0.13983723
   0.34877965  0.34957964  0.33823534  0.15030354]]
Generation 059 | highest fitness: 0.96 | Born: 2 | prediction: 0.97
[[ 0.84317362  0.66040221  0.65497406  0.65138423  0.85521673  0.83964011
   0.64272901  0.65623936  0.66521269  0.84669014]
 [ 0.15196269  0.35783611  0.36203219  0.34517776  0.15176568  0.13947778
   0.34860801  0.35007629  0.33731624  0.15314336]]
Generation 060 | highest fitness: 0.97 | Born: 2 | prediction: 0.94
[[ 0.83675789  0.65744378  0.65127608  0.65950172  0.85118595  0.83824748
   0.64835931  0.66222707  0.66492682  0.84493687]
 [ 0.1511242   0.35630565  0.36371362  0.34306435  0.15175027  0.14013159
   0.34597431  0.35038479  0.33575537  0.15307215]]
Generation 061 | highest fitness: 0.97 | Born: 2 | prediction: 0.97
[[ 0.83685428  0.66125213  0.65232001  0.65981692  0.84920165  0.83474105
   0.64654289  0.66052262  0.66634029  0.84420156]
 [ 0.15362352  0.35443256  0.36205563  0.34311514  0.15091756  0.14419559
   0.34662091  0.34860044  0.33728981  0.1546535 ]]
Generation 062 | highest fitness: 0.97 | Born: 2 | prediction: 0.99
[[ 0.83866321  0.66137829  0.65562114  0.66121272  0.85074296  0.83347048
   0.64469636  0.66097736  0.66853838  0.84332066]
 [ 0.1528978   0.34934387  0.35772368  0.34433618  0.15112545  0.14409479
   0.34833658  0.34718089  0.3372695   0.15385468]]
Generation 063 | highest fitness: 0.99 | Born: 2 | prediction: 0.94
[[ 0.83941532  0.66231563  0.6570956   0.6609892   0.85087913  0.83597387
   0.64634087  0.66335874  0.66727543  0.84391627]
 [ 0.15328715  0.34659356  0.35275238  0.34457844  0.1509867   0.1445673
   0.34416     0.34583572  0.33294748  0.15481414]]
Generation 064 | highest fitness: 0.99 | Born: 2 | prediction: 0.95
[[ 0.83813292  0.66338973  0.66011524  0.66536134  0.84843867  0.83471749
   0.64682965  0.66467497  0.66836524  0.84160578]
 [ 0.15354571  0.34953663  0.35354804  0.34276103  0.15169243  0.14579723
   0.34474353  0.34759827  0.33092306  0.155045  ]]
Generation 065 | highest fitness: 0.99 | Born: 2 | prediction: 0.92
[[ 0.83926411  0.66159126  0.65848585  0.66541078  0.84900755  0.8349056
   0.64698307  0.6640894   0.66839551  0.84122683]
 [ 0.15479879  0.34730622  0.35090749  0.34123981  0.15379483  0.14432825
   0.34474961  0.34748178  0.33299843  0.15544115]]
Generation 066 | highest fitness: 0.95 | Born: 2 | prediction: 0.97
[[ 0.83990841  0.66145616  0.65813416  0.66396364  0.84928317  0.83462692
   0.6466366   0.66368638  0.67026611  0.84061976]
 [ 0.15581615  0.34743856  0.34902401  0.33959642  0.15483947  0.14607623
   0.34350656  0.34857874  0.33445681  0.15644017]]
Generation 067 | highest fitness: 0.97 | Born: 2 | prediction: 0.97
[[ 0.83966946  0.66223397  0.65838048  0.6643536   0.84893112  0.83400626
   0.64748549  0.66370496  0.6700237   0.84045151]
 [ 0.15791608  0.34672639  0.3494677   0.33944463  0.15399503  0.14687571
   0.34177675  0.34742312  0.33241042  0.15669842]]
Generation 068 | highest fitness: 0.97 | Born: 2 | prediction: 0.93
[[ 0.83857899  0.66149105  0.66188308  0.66617301  0.84839216  0.83195884
   0.6473138   0.66346414  0.67246011  0.83772919]
 [ 0.15863904  0.34569415  0.34837744  0.33857999  0.15305902  0.14827206
   0.33782757  0.34637462  0.32911033  0.15700254]]
Generation 069 | highest fitness: 0.97 | Born: 2 | prediction: 0.92
[[ 0.8374876   0.66259747  0.66211207  0.66716609  0.84749767  0.8310115
   0.64788456  0.66410357  0.67035274  0.83580965]
 [ 0.16004159  0.34378083  0.34766766  0.33722735  0.15544551  0.14946191
   0.33863091  0.34402816  0.33092016  0.1576115 ]]
Generation 070 | highest fitness: 0.97 | Born: 2 | prediction: 0.98
[[ 0.83631484  0.6639616   0.6642581   0.66921625  0.84652173  0.82841648
   0.6499134   0.66466686  0.6727293   0.83466877]
 [ 0.16401933  0.34317931  0.34811318  0.33816679  0.15622937  0.15123885
   0.33860054  0.34315466  0.32855487  0.15844035]]
Generation 071 | highest fitness: 0.98 | Born: 2 | prediction: 0.92
[[ 0.83649078  0.6650329   0.6634328   0.67050633  0.8459015   0.82685867
   0.64963719  0.66667791  0.67458484  0.83424401]
 [ 0.16345055  0.34232599  0.34447025  0.33557156  0.15705406  0.15119972
   0.33789443  0.34307285  0.32829687  0.15895254]]
Generation 072 | highest fitness: 0.98 | Born: 2 | prediction: 0.93
[[ 0.83663936  0.66594697  0.66612053  0.66693457  0.84496423  0.82677765
   0.65045186  0.66930523  0.67398022  0.83444007]
 [ 0.16478042  0.34295596  0.3425764   0.33507638  0.15873508  0.15113256
   0.33770033  0.34186345  0.3266674   0.1605911 ]]
Generation 073 | highest fitness: 0.98 | Born: 2 | prediction: 0.92
[[ 0.83502658  0.66667528  0.66593474  0.66834531  0.84439956  0.82498506
   0.65226349  0.67177047  0.67427318  0.8336315 ]
 [ 0.16490318  0.34225396  0.34393467  0.33412897  0.15857982  0.15072945
   0.33547996  0.34119188  0.32790368  0.16242247]]
Generation 074 | highest fitness: 0.93 | Born: 2 | prediction: 0.89
[[ 0.83235608  0.66859772  0.66714431  0.66989944  0.8444603   0.82434368
   0.65112858  0.67242444  0.67351791  0.83315962]
 [ 0.16593692  0.33807449  0.34269054  0.33559775  0.16273944  0.15160469
   0.33443712  0.34100485  0.32902471  0.16053987]]
Generation 075 | highest fitness: 0.93 | Born: 2 | prediction: 0.92
[[ 0.83088912  0.67190333  0.66973356  0.66872812  0.84351939  0.82264749
   0.65103567  0.67417883  0.67116935  0.83279137]
 [ 0.16657315  0.33316579  0.34231013  0.33306864  0.16484472  0.15583445
   0.33425583  0.34020114  0.32804608  0.16223423]]
Generation 076 | highest fitness: 0.94 | Born: 2 | prediction: 0.93
[[ 0.82974605  0.67045946  0.67001976  0.66970792  0.84249691  0.82130809
   0.65299833  0.67472665  0.67244528  0.83263136]
 [ 0.16768832  0.33304718  0.34082655  0.32980035  0.16363015  0.15951011
   0.33410726  0.33915239  0.3284121   0.16500457]]
Generation 077 | highest fitness: 0.94 | Born: 2 | prediction: 0.92
[[ 0.82884859  0.67154538  0.67034562  0.67080671  0.84214681  0.82170773
   0.65285051  0.67343607  0.67157785  0.8324516 ]
 [ 0.16873617  0.3298775   0.33903177  0.32672953  0.16516721  0.16222887
   0.33434673  0.33700718  0.32762212  0.1668548 ]]
Generation 078 | highest fitness: 0.94 | Born: 2 | prediction: 0.88
[[ 0.8277389   0.67294273  0.67146361  0.6707545   0.84143759  0.8218729
   0.65362708  0.67391816  0.67208818  0.83012736]
 [ 0.17200149  0.32816764  0.33755746  0.32704774  0.16772449  0.16331043
   0.33380636  0.33477973  0.32601541  0.16703184]]
Generation 079 | highest fitness: 0.94 | Born: 2 | prediction: 0.96
[[ 0.82797696  0.67475163  0.67329932  0.67300145  0.83934166  0.82224797
   0.65500244  0.67322637  0.67061151  0.8282436 ]
 [ 0.17473055  0.32641051  0.33499802  0.3256337   0.16954836  0.16618066
   0.33358208  0.33486451  0.32559279  0.16919184]]
Generation 080 | highest fitness: 0.96 | Born: 2 | prediction: 0.94
[[ 0.82772704  0.67751936  0.67530124  0.67540116  0.83813941  0.82326188
   0.65648379  0.67365553  0.67343964  0.82720291]
 [ 0.1757415   0.32689568  0.33327321  0.32579756  0.17168317  0.16703574
   0.33256319  0.33449406  0.32575754  0.16863135]]
Generation 081 | highest fitness: 0.96 | Born: 2 | prediction: 0.94
[[ 0.82614916  0.67938021  0.67954988  0.67574349  0.83517926  0.82216459
   0.66033382  0.67364363  0.67421205  0.82758803]
 [ 0.17658602  0.32666889  0.33261456  0.32558778  0.17226399  0.16900431
   0.32895618  0.33447536  0.32521947  0.16958652]]
Generation 082 | highest fitness: 0.96 | Born: 2 | prediction: 0.92
[[ 0.82594755  0.67980662  0.67997583  0.677139    0.8345383   0.82141051
   0.66134705  0.67323557  0.67501904  0.82675562]
 [ 0.17651478  0.32548672  0.33249669  0.32482359  0.17267709  0.17106893
   0.32811879  0.33154994  0.32446248  0.17203372]]
Generation 083 | highest fitness: 0.94 | Born: 2 | prediction: 0.95
[[ 0.82611762  0.68077867  0.68024302  0.67780005  0.83317409  0.81954223
   0.66224661  0.67465811  0.67746796  0.82656243]
 [ 0.17760856  0.32714204  0.33102562  0.32425974  0.17385228  0.1726504
   0.33009047  0.33121565  0.32204527  0.17471133]]
Generation 084 | highest fitness: 0.95 | Born: 2 | prediction: 0.95
[[ 0.82488248  0.68065364  0.68043877  0.67959567  0.83120044  0.81872596
   0.66335844  0.67400827  0.67926886  0.82532009]
 [ 0.17778558  0.32650721  0.32808435  0.32255801  0.1737237   0.17291615
   0.32865723  0.32901662  0.32150162  0.17531302]]
Generation 085 | highest fitness: 0.95 | Born: 2 | prediction: 0.96
[[ 0.82528974  0.68198034  0.6820997   0.68060781  0.82952405  0.81790532
   0.66462316  0.67477654  0.6812788   0.82439692]
 [ 0.17896782  0.32640704  0.32663664  0.31988382  0.17464686  0.17418361
   0.32719805  0.32755187  0.320828    0.17719923]]
Generation 086 | highest fitness: 0.96 | Born: 2 | prediction: 0.9
[[ 0.82397409  0.68179144  0.68463027  0.68112649  0.82948596  0.8187769
   0.6671584   0.67336892  0.68280484  0.82377947]
 [ 0.1798087   0.32718257  0.32673163  0.31804345  0.17487207  0.17509252
   0.32626946  0.32695678  0.31897451  0.17975802]]
Generation 087 | highest fitness: 0.96 | Born: 2 | prediction: 0.95
[[ 0.82158652  0.6816536   0.68475091  0.68221627  0.82883674  0.81738383
   0.66877288  0.67427779  0.68325904  0.82413377]
 [ 0.18274572  0.32833898  0.32684283  0.31759912  0.17578665  0.1770562
   0.32533564  0.32566046  0.31816356  0.18339778]]
Generation 088 | highest fitness: 0.96 | Born: 2 | prediction: 0.97
[[ 0.8217348   0.68258732  0.68595633  0.68314026  0.82723469  0.81695435
   0.66927832  0.6759887   0.68253973  0.82326286]
 [ 0.18436883  0.32730744  0.32583313  0.31581926  0.17480633  0.17785927
   0.32524895  0.32586977  0.31727701  0.18380984]]
Generation 089 | highest fitness: 0.97 | Born: 2 | prediction: 0.96
[[ 0.82122581  0.68287547  0.68619474  0.68342025  0.82695869  0.81651595
   0.67039064  0.67794351  0.68345658  0.82398701]
 [ 0.18544132  0.32652781  0.32541116  0.31457746  0.17438585  0.17805026
   0.32483814  0.32478489  0.31601043  0.18422756]]
Generation 090 | highest fitness: 0.97 | Born: 2 | prediction: 0.93
[[ 0.82143202  0.68480829  0.68586202  0.68345038  0.82548942  0.81617131
   0.67095854  0.67932958  0.68443292  0.82225302]
 [ 0.18491935  0.32447168  0.32610448  0.31475757  0.17403673  0.17764391
   0.32554046  0.32548769  0.31548509  0.18543163]]
Generation 091 | highest fitness: 0.97 | Born: 2 | prediction: 0.92
[[ 0.82028301  0.68735547  0.6864716   0.68449469  0.82195544  0.81475213
   0.66882395  0.67969635  0.68545619  0.82032036]
 [ 0.18622192  0.32546904  0.32601103  0.31292324  0.17359285  0.17822877
   0.32491805  0.3248659   0.31471351  0.18592452]]
Generation 092 | highest fitness: 0.96 | Born: 2 | prediction: 0.91
[[ 0.82025322  0.68819311  0.6873179   0.68597282  0.82220199  0.81358583
   0.66778379  0.67942276  0.68601425  0.81907915]
 [ 0.18718951  0.32486586  0.32539966  0.31251049  0.17448118  0.17985951
   0.32323956  0.32345913  0.31535727  0.18770944]]
Generation 093 | highest fitness: 0.96 | Born: 2 | prediction: 0.94
[[ 0.81829442  0.68895726  0.68749091  0.68646989  0.82111967  0.81324709
   0.66948071  0.68093291  0.68741857  0.81804714]
 [ 0.18810002  0.32422075  0.32332537  0.31316813  0.17527717  0.18029904
   0.3220476   0.32141095  0.31398577  0.18832841]]
Generation 094 | highest fitness: 0.94 | Born: 2 | prediction: 0.94
[[ 0.81634169  0.68990338  0.68756557  0.68805065  0.82061345  0.81226682
   0.67043069  0.68140734  0.68779247  0.81609829]
 [ 0.18869445  0.32344797  0.32226399  0.31195221  0.17726346  0.18100639
   0.32100471  0.31977415  0.31275802  0.18801486]]
Generation 095 | highest fitness: 0.94 | Born: 2 | prediction: 0.94
[[ 0.81594378  0.68911446  0.68873092  0.68838586  0.81988022  0.81165268
   0.6707429   0.682935    0.68703366  0.81597828]
 [ 0.19032651  0.32302906  0.32213535  0.31058632  0.17849682  0.18164123
   0.31869554  0.31885446  0.31138151  0.18773345]]
Generation 096 | highest fitness: 0.94 | Born: 2 | prediction: 0.95
[[ 0.81531017  0.68829291  0.68875141  0.69008537  0.81864211  0.81023188
   0.67209094  0.68358179  0.68846983  0.81534427]
 [ 0.19188432  0.32388207  0.31960477  0.30849205  0.17866599  0.18359195
   0.31673965  0.31820281  0.3108431   0.18723993]]
Generation 097 | highest fitness: 0.96 | Born: 2 | prediction: 0.91
[[ 0.81496199  0.68831427  0.68849525  0.69061928  0.81851202  0.809693
   0.67290698  0.68259571  0.68875874  0.81607686]
 [ 0.19268419  0.32371832  0.31785789  0.30959082  0.18043208  0.1853022
   0.31774427  0.31728796  0.30919672  0.18754864]]
Generation 098 | highest fitness: 0.96 | Born: 2 | prediction: 0.95
[[ 0.81409407  0.68826551  0.68902087  0.69024591  0.81614588  0.80775294
   0.67252099  0.68350198  0.69158868  0.81519133]
 [ 0.19314291  0.32288293  0.31643626  0.30932436  0.18101181  0.18561914
   0.31696791  0.31651606  0.30850471  0.18741398]]
Generation 099 | highest fitness: 0.96 | Born: 2 | prediction: 0.93
[[ 0.81445336  0.68933833  0.69008393  0.69084346  0.81602912  0.80661893
   0.67222101  0.68396088  0.69306847  0.81351188]
 [ 0.19250616  0.32153384  0.31488753  0.30786009  0.18245275  0.18728159
   0.31679399  0.31496638  0.30705018  0.18795019]]
Generation 100 | highest fitness: 0.95 | Born: 2 | prediction: 0.96
[[ 0.81466366  0.69006016  0.69079887  0.69133647  0.81557999  0.805827
   0.67267133  0.6849475   0.69397074  0.81373121]
 [ 0.19251222  0.3216809   0.31446267  0.30708622  0.18280161  0.18735213
   0.3150359   0.31432234  0.30606817  0.18823087]]
Generation 101 | highest fitness: 0.96 | Born: 2 | prediction: 0.91
[[ 0.81350627  0.69149719  0.6911342   0.69166627  0.81441318  0.80563578
   0.67319309  0.68403007  0.69471108  0.81214576]
 [ 0.19294974  0.31996647  0.31405198  0.30627971  0.18385535  0.18761355
   0.31387188  0.31391089  0.30502892  0.18994412]]
Generation 102 | highest fitness: 0.96 | Born: 2 | prediction: 0.95
[[ 0.81191154  0.69235855  0.69109461  0.6916209   0.81461909  0.8054841
   0.67402727  0.68542592  0.69553775  0.81079226]
 [ 0.19456454  0.318428    0.31374356  0.30490602  0.18557969  0.18836549
   0.3137975   0.31267696  0.30413394  0.18950873]]
Generation 103 | highest fitness: 0.95 | Born: 2 | prediction: 0.98
[[ 0.81048744  0.69281575  0.69225451  0.69323271  0.81384923  0.80459413
   0.6756192   0.68642365  0.69664435  0.81006865]
 [ 0.19429971  0.3169935   0.31254968  0.30399342  0.18618798  0.18934211
   0.31339117  0.31188782  0.30322835  0.18968704]]
Generation 104 | highest fitness: 0.98 | Born: 2 | prediction: 0.96
[[ 0.81023161  0.69415678  0.69315227  0.69389404  0.81332894  0.8044066
   0.67783364  0.68671596  0.69794004  0.80891876]
 [ 0.19421482  0.31693663  0.31176953  0.30409886  0.1867239   0.18880054
   0.31104339  0.31137576  0.30386254  0.1899195 ]]
Generation 105 | highest fitness: 0.98 | Born: 2 | prediction: 0.93
[[ 0.80898793  0.69429114  0.69251589  0.6937707   0.81256503  0.80376864
   0.67741319  0.68747934  0.69828266  0.80743231]
 [ 0.19444505  0.31637965  0.30975214  0.30410134  0.18724453  0.18908456
   0.31097681  0.31130593  0.30278757  0.19040838]]
Generation 106 | highest fitness: 0.96 | Born: 2 | prediction: 0.94
[[ 0.80817676  0.69461854  0.69376331  0.69455446  0.81262077  0.80323489
   0.67903614  0.68584393  0.69879605  0.80663657]
 [ 0.19553576  0.31433221  0.30806872  0.30329751  0.18897281  0.18972426
   0.30980552  0.30986443  0.30173812  0.19102838]]
Generation 107 | highest fitness: 0.96 | Born: 2 | prediction: 0.95
[[ 0.80624232  0.69662806  0.69511469  0.69522719  0.81196444  0.80292534
   0.6812495   0.68730181  0.70030473  0.80628251]
 [ 0.19683697  0.31279479  0.30712062  0.30266161  0.18956089  0.18952092
   0.30962221  0.30915823  0.30059666  0.19133334]]
Generation 108 | highest fitness: 0.96 | Born: 2 | prediction: 0.97
[[ 0.80558169  0.69629137  0.6958703   0.69534083  0.81230845  0.80229388
   0.68193848  0.68900083  0.70186118  0.80539994]
 [ 0.19809287  0.31154697  0.30624137  0.30098024  0.19063122  0.18914991
   0.30957275  0.30796181  0.29923284  0.19295537]]
Generation 109 | highest fitness: 0.97 | Born: 2 | prediction: 0.95
[[ 0.8044107   0.69593091  0.69644538  0.69638648  0.81130627  0.80185278
   0.68218089  0.68917601  0.70237922  0.80446348]
 [ 0.19762318  0.31032756  0.30483075  0.29909937  0.19056239  0.19105372
   0.30727243  0.30680127  0.296824    0.19479666]]
Generation 110 | highest fitness: 0.97 | Born: 2 | prediction: 0.93
[[ 0.80356759  0.69564654  0.69587363  0.695254    0.8117779   0.80076196
   0.68235487  0.69038268  0.70313462  0.8022159 ]
 [ 0.19718631  0.30882283  0.30366494  0.29827579  0.18944113  0.19175492
   0.30528814  0.30639169  0.29524851  0.19570638]]
Generation 111 | highest fitness: 0.97 | Born: 2 | prediction: 0.97
[[ 0.80391294  0.69582364  0.69740385  0.69679491  0.80926712  0.79708465
   0.68310123  0.69234725  0.7042      0.80054899]
 [ 0.1988555   0.30765535  0.3021      0.29722588  0.19119665  0.19189231
   0.30370511  0.30502383  0.29377738  0.19670964]]
Generation 112 | highest fitness: 0.98 | Born: 2 | prediction: 0.89
[[ 0.80300882  0.69650616  0.69806655  0.69791521  0.80874528  0.79784101
   0.68484391  0.69397353  0.70410216  0.80103688]
 [ 0.19894103  0.30644709  0.30097524  0.29788249  0.19344704  0.193449
   0.30187298  0.30522161  0.29277772  0.19887716]]
Generation 113 | highest fitness: 0.98 | Born: 2 | prediction: 0.87
[[ 0.801319    0.69858897  0.69884006  0.69740284  0.80749238  0.79647954
   0.68502527  0.69480303  0.70402039  0.79988934]
 [ 0.201076    0.30634762  0.30143289  0.2971419   0.1941648   0.19466039
   0.30133292  0.30414906  0.29283683  0.19953193]]
Generation 114 | highest fitness: 0.9 | Born: 2 | prediction: 0.95
[[ 0.79951837  0.69929636  0.70027434  0.69793998  0.80635816  0.79582251
   0.686783    0.6944549   0.70467231  0.80029167]
 [ 0.20203469  0.30681004  0.30256925  0.29559889  0.19612821  0.19631308
   0.30125427  0.30312047  0.29195959  0.20142352]]
Generation 115 | highest fitness: 0.95 | Born: 2 | prediction: 0.93
[[ 0.79891839  0.70005017  0.70018794  0.69898779  0.80649281  0.79334277
   0.68660317  0.69665246  0.70590485  0.80078394]
 [ 0.20283836  0.30602093  0.30154652  0.29289369  0.19702166  0.19541526
   0.29965539  0.30149323  0.29050202  0.20283263]]
Generation 116 | highest fitness: 0.95 | Born: 2 | prediction: 0.97
[[ 0.79811373  0.70158774  0.70004157  0.69981661  0.80487976  0.7923621
   0.68781519  0.69750822  0.70689421  0.8009191 ]
 [ 0.20447849  0.30451789  0.29959424  0.29156413  0.19797612  0.19689929
   0.29976159  0.30132095  0.28996665  0.20193098]]
Generation 117 | highest fitness: 0.97 | Born: 2 | prediction: 0.91
[[ 0.79680364  0.7037875   0.70226919  0.70240202  0.80026421  0.79080205
   0.68955598  0.70013527  0.71005936  0.798851  ]
 [ 0.20584932  0.30430669  0.29852149  0.29172764  0.19873233  0.19652154
   0.29822854  0.30045802  0.29037732  0.2031012 ]]
Generation 118 | highest fitness: 0.97 | Born: 2 | prediction: 0.95
[[ 0.79690836  0.70541519  0.70328382  0.70309855  0.797793    0.79193374
   0.69041913  0.70022846  0.71223846  0.79671453]
 [ 0.20693755  0.30290851  0.29778388  0.29138565  0.2010678   0.19861134
   0.29721348  0.29912378  0.29118674  0.2050818 ]]
Generation 119 | highest fitness: 0.95 | Born: 2 | prediction: 0.97
[[ 0.7948885   0.70573074  0.70458327  0.70440031  0.79648015  0.79021513
   0.69187869  0.70036922  0.71270843  0.79565445]
 [ 0.20812293  0.30216831  0.29682391  0.29080666  0.20350114  0.19903882
   0.29597003  0.29756214  0.29148492  0.2065846 ]]
Generation 120 | highest fitness: 0.97 | Born: 2 | prediction: 0.99
[[ 0.79295803  0.70697876  0.70517832  0.70701496  0.79553114  0.787691
   0.69369549  0.70137127  0.71316701  0.79371103]
 [ 0.20876709  0.3016447   0.29586998  0.29092081  0.20494772  0.19954744
   0.29577173  0.29734407  0.28985226  0.20675118]]
Generation 121 | highest fitness: 0.99 | Born: 2 | prediction: 0.94
[[ 0.79267644  0.70822218  0.70699705  0.70853217  0.79438843  0.78830967
   0.69595563  0.7026963   0.71239889  0.79314397]
 [ 0.20965576  0.30020166  0.29366637  0.29017583  0.20560799  0.20055682
   0.29412704  0.29679354  0.28772724  0.20933823]]
Generation 122 | highest fitness: 0.99 | Born: 2 | prediction: 0.96
[[ 0.79205371  0.70960152  0.70787677  0.70889118  0.79324365  0.78738096
   0.69674998  0.70326953  0.71238906  0.79353563]
 [ 0.21170347  0.29719097  0.29171909  0.28797278  0.20740963  0.20149676
   0.29248829  0.29384218  0.286833    0.21075838]]
Generation 123 | highest fitness: 0.99 | Born: 2 | prediction: 0.95
[[ 0.79167676  0.7107468   0.70983123  0.70925671  0.79285231  0.78627215
   0.69726227  0.70422857  0.71218675  0.79392911]
 [ 0.2115917   0.29588529  0.29023118  0.28705449  0.20787513  0.2028208
   0.29305879  0.29206599  0.28541331  0.21169441]]
Generation 124 | highest fitness: 0.96 | Born: 2 | prediction: 0.93
[[ 0.78847266  0.7133052   0.71122752  0.71105974  0.79159333  0.78397792
   0.69933493  0.70693341  0.71274083  0.79146323]
 [ 0.21224836  0.29610013  0.28914045  0.28716495  0.20906366  0.20286779
   0.29278927  0.29146689  0.28486238  0.21201377]]
Generation 125 | highest fitness: 0.96 | Born: 2 | prediction: 0.95
[[ 0.78852033  0.71357686  0.71220568  0.71181277  0.79024042  0.78248944
   0.69932039  0.707509    0.7139279   0.7901118 ]
 [ 0.21203373  0.29391255  0.28945058  0.286173    0.20976502  0.20495602
   0.29284173  0.29197398  0.28345245  0.2137868 ]]
Generation 126 | highest fitness: 0.96 | Born: 2 | prediction: 0.98
[[ 0.78549251  0.71470192  0.7127248   0.71202503  0.78875085  0.78110641
   0.70157836  0.70871737  0.71473561  0.78862399]
 [ 0.21247703  0.29341701  0.28800205  0.28517367  0.21008629  0.20588618
   0.29150766  0.29192527  0.28289973  0.2154978 ]]
Generation 127 | highest fitness: 0.98 | Born: 2 | prediction: 0.92
[[ 0.78483696  0.71503586  0.71317541  0.71279985  0.78882763  0.78164847
   0.7020837   0.70929457  0.71517631  0.78805988]
 [ 0.21289485  0.29209149  0.28730285  0.28314891  0.21026579  0.2077694
   0.28966261  0.28952795  0.28063535  0.21559842]]
Generation 128 | highest fitness: 0.98 | Born: 2 | prediction: 0.96
[[ 0.78504227  0.71510439  0.71572557  0.71453726  0.78707006  0.77971708
   0.70232937  0.71107934  0.71606184  0.7871299 ]
 [ 0.21511208  0.2907632   0.28674232  0.2821636   0.21014414  0.20838832
   0.28931113  0.28894107  0.28039085  0.21659859]]
Generation 129 | highest fitness: 0.98 | Born: 2 | prediction: 0.95
[[ 0.784282    0.71599391  0.71739464  0.71622552  0.78496107  0.7790426
   0.70263419  0.71282313  0.71693588  0.78633625]
 [ 0.21488178  0.28991113  0.28591282  0.28136418  0.21011317  0.20884707
   0.28942729  0.2877771   0.28024165  0.21684429]]
Generation 130 | highest fitness: 0.96 | Born: 2 | prediction: 0.92
[[ 0.78452182  0.71634189  0.71792502  0.71696474  0.78460354  0.77835162
   0.70370971  0.71340029  0.71806176  0.78557062]
 [ 0.21555415  0.28867146  0.28597604  0.28123146  0.21159689  0.20859337
   0.28870238  0.28580824  0.28012724  0.21824906]]
Generation 131 | highest fitness: 0.95 | Born: 2 | prediction: 0.94
[[ 0.78327846  0.71745038  0.71727642  0.71732097  0.78385532  0.77718614
   0.70547455  0.71404975  0.71964497  0.78456191]
 [ 0.21580539  0.28777249  0.28527489  0.28057093  0.21205675  0.20977783
   0.28832733  0.28545796  0.2803498   0.21917615]]
Generation 132 | highest fitness: 0.95 | Born: 2 | prediction: 0.96
[[ 0.7808505   0.7180385   0.71835521  0.71815493  0.78190831  0.77581043
   0.70669987  0.71492438  0.72118211  0.78333846]
 [ 0.21531973  0.28642947  0.28376655  0.27967279  0.21292825  0.21104972
   0.28716917  0.28451527  0.27983335  0.21884963]]
Generation 133 | highest fitness: 0.96 | Born: 2 | prediction: 0.98
[[ 0.78057295  0.71838209  0.71846304  0.71873129  0.7818576   0.77497966
   0.70804775  0.71552073  0.72208982  0.78304501]
 [ 0.21653772  0.285815    0.2819354   0.27863839  0.21392465  0.21406483
   0.28554768  0.28267531  0.2780483   0.22002621]]
Generation 134 | highest fitness: 0.98 | Born: 2 | prediction: 0.98
[[ 0.7800807   0.71956517  0.71903896  0.7191518   0.78059583  0.77483457
   0.70869698  0.71581321  0.72248423  0.78314178]
 [ 0.21840252  0.28559885  0.27840612  0.27780751  0.2143335   0.21484433
   0.28270192  0.28063832  0.27722997  0.2206942 ]]
Generation 135 | highest fitness: 0.98 | Born: 2 | prediction: 0.98
[[ 0.77775638  0.72099119  0.71896636  0.71984096  0.78056243  0.77434033
   0.70951006  0.71452072  0.72313246  0.78101888]
 [ 0.21912923  0.28436885  0.27705125  0.27702532  0.21453448  0.21579027
   0.28186915  0.2798268   0.27626603  0.22233315]]
Generation 136 | highest fitness: 0.98 | Born: 2 | prediction: 0.94
[[ 0.77756252  0.72026548  0.7203063   0.72122048  0.77951091  0.77488469
   0.71139446  0.7154378   0.72369613  0.77944228]
 [ 0.21936675  0.28216125  0.27581495  0.2761076   0.21451919  0.21608322
   0.28000541  0.27886908  0.27564296  0.22344391]]
Generation 137 | highest fitness: 0.98 | Born: 2 | prediction: 0.96
[[ 0.77675549  0.72215778  0.72195409  0.72215264  0.77821674  0.7743364
   0.71218845  0.716431    0.72578356  0.77862229]
 [ 0.22080014  0.2815273   0.27568258  0.27463565  0.2166838   0.21822123
   0.27894811  0.2784705   0.27439184  0.22436353]]
Generation 138 | highest fitness: 0.98 | Born: 2 | prediction: 0.91
[[ 0.77574909  0.72226088  0.72206193  0.72226824  0.77771559  0.77386883
   0.713451    0.71661234  0.72661359  0.77759518]
 [ 0.22149377  0.28069177  0.27487597  0.27410046  0.21659544  0.21831255
   0.27815749  0.27804043  0.2738454   0.22582786]]
Generation 139 | highest fitness: 0.96 | Born: 2 | prediction: 0.96
[[ 0.77528169  0.72235397  0.72246052  0.72289472  0.77739399  0.77325533
   0.71387839  0.71672434  0.72699692  0.77727401]
 [ 0.22447825  0.27939827  0.27404299  0.27120187  0.21863286  0.22205084
   0.27448604  0.27922736  0.27095204  0.2301174 ]]
Generation 140 | highest fitness: 0.96 | Born: 2 | prediction: 0.93
[[ 0.77521528  0.72234587  0.72250152  0.72317166  0.77658721  0.77232537
   0.71412861  0.71718258  0.72728718  0.77718038]
 [ 0.22651155  0.2785144   0.27433529  0.27137978  0.21979935  0.2216371
   0.27370407  0.27829264  0.26981214  0.23093695]]
Generation 141 | highest fitness: 0.96 | Born: 2 | prediction: 0.97
[[ 0.77554372  0.72235303  0.72303686  0.72371491  0.77622313  0.77171749
   0.7143315   0.71855101  0.72806526  0.77684206]
 [ 0.22818097  0.27856826  0.27359126  0.2712992   0.22007779  0.22190108
   0.27255213  0.2768794   0.26807509  0.23172217]]
Generation 142 | highest fitness: 0.97 | Born: 2 | prediction: 0.96
[[ 0.7735348   0.72307737  0.72418903  0.72377145  0.77638476  0.77040242
   0.71579265  0.71974937  0.72872928  0.7761264 ]
 [ 0.2285401   0.27780392  0.2723609   0.27059917  0.22000089  0.22197918
   0.27235527  0.27596284  0.26706704  0.23290475]]
Generation 143 | highest fitness: 0.97 | Born: 2 | prediction: 0.93
[[ 0.77327633  0.72371694  0.72481963  0.72493717  0.77539407  0.76963572
   0.7168379   0.72005992  0.72950388  0.77549261]
 [ 0.22823965  0.2769323   0.27158328  0.2693744   0.22005637  0.22288697
   0.27152876  0.27402027  0.26679194  0.23427977]]
Generation 144 | highest fitness: 0.97 | Born: 2 | prediction: 0.94
[[ 0.77316564  0.72457695  0.72488541  0.72500225  0.77448311  0.76909666
   0.71762641  0.72116678  0.72931668  0.77435601]
 [ 0.23052973  0.27637427  0.26998756  0.26836106  0.22134562  0.22386258
   0.2704874   0.27322331  0.26553538  0.23538397]]
Generation 145 | highest fitness: 0.96 | Born: 2 | prediction: 0.98
[[ 0.77168148  0.72399233  0.72587053  0.72598584  0.77376857  0.76530518
   0.71896903  0.72246297  0.72971909  0.77285624]
 [ 0.23077066  0.2757499   0.26941539  0.2679657   0.22133462  0.22513904
   0.26925713  0.27229768  0.2646726   0.23623924]]
Generation 146 | highest fitness: 0.98 | Born: 2 | prediction: 0.94
[[ 0.7704755   0.72580501  0.7281035   0.7264447   0.77298032  0.7641769
   0.719735    0.72362952  0.73035404  0.77163594]
 [ 0.23166658  0.27465735  0.26765005  0.26720777  0.22208796  0.22436307
   0.26749355  0.27173926  0.26370359  0.23633073]]
Generation 147 | highest fitness: 0.98 | Born: 2 | prediction: 0.92
[[ 0.76891487  0.72715135  0.72994277  0.72778304  0.77217088  0.76191258
   0.72063564  0.72526397  0.73190429  0.76953907]
 [ 0.23151245  0.27402674  0.26707309  0.26678147  0.22244897  0.22573749
   0.26765411  0.27127826  0.26300959  0.23746625]]
Generation 148 | highest fitness: 0.98 | Born: 2 | prediction: 0.96
[[ 0.7685592   0.72774127  0.72949806  0.72836784  0.77158649  0.76120873
   0.7216831   0.72607159  0.73286056  0.76816625]
 [ 0.23334148  0.27370155  0.26548871  0.26520105  0.22372404  0.2283214
   0.26673855  0.26986253  0.26260795  0.23966588]]
Generation 149 | highest fitness: 0.96 | Born: 2 | prediction: 0.95
[[ 0.76685553  0.72907591  0.73164455  0.72830292  0.77067805  0.76015774
   0.72309698  0.72826289  0.73468479  0.76841564]
 [ 0.2345504   0.27269797  0.26438222  0.2642796   0.22484361  0.22957881
   0.26598451  0.26962511  0.26262286  0.2413605 ]]
Generation 150 | highest fitness: 0.96 | Born: 2 | prediction: 0.94
[[ 0.76561211  0.72960423  0.73265047  0.72883749  0.77039995  0.7592954
   0.72416689  0.72912833  0.73467407  0.76782263]
 [ 0.23685511  0.27061941  0.26366826  0.26419392  0.2255767   0.22962036
   0.26481985  0.26903554  0.26210704  0.24209592]]
Generation 151 | highest fitness: 0.96 | Born: 2 | prediction: 0.95
[[ 0.76473149  0.73054232  0.73378299  0.73047787  0.76969283  0.7589527
   0.72632542  0.72961009  0.73578228  0.76714647]
 [ 0.23730717  0.2704963   0.26296385  0.26385998  0.22622086  0.23036494
   0.26410859  0.26817448  0.26116285  0.24313951]]
Generation 152 | highest fitness: 0.95 | Born: 2 | prediction: 0.97
[[ 0.7624615   0.73117619  0.73537482  0.73111236  0.76875986  0.75792599
   0.72719804  0.73005513  0.73735472  0.76623819]
 [ 0.23773566  0.26986501  0.26129014  0.26285345  0.22768038  0.23132506
   0.26242169  0.26689243  0.25973572  0.24508168]]
Generation 153 | highest fitness: 0.97 | Born: 2 | prediction: 0.98
[[ 0.76126924  0.73172916  0.73676679  0.73237288  0.76697056  0.75731188
   0.7279699   0.73079672  0.73854898  0.76429892]
 [ 0.23948939  0.26827423  0.26071618  0.26249897  0.22835764  0.23173406
   0.26160301  0.266266    0.25870806  0.24559597]]
Generation 154 | highest fitness: 0.98 | Born: 2 | prediction: 0.98
[[ 0.7600225   0.73452579  0.73828301  0.73370883  0.76661159  0.75491097
   0.72985153  0.73336448  0.7400402   0.76228392]
 [ 0.24036116  0.26750135  0.25969625  0.26161479  0.2287111   0.23324081
   0.26131144  0.26565215  0.25814084  0.24569644]]
Generation 155 | highest fitness: 0.98 | Born: 2 | prediction: 0.97
[[ 0.75764035  0.73547555  0.74109663  0.73548858  0.76523744  0.75423339
   0.73195393  0.73405601  0.74201181  0.76178482]
 [ 0.24058475  0.26708685  0.25932332  0.261132    0.2290965   0.23360046
   0.26063025  0.2650481   0.25747682  0.24639073]]
Generation 156 | highest fitness: 0.98 | Born: 2 | prediction: 0.92
[[ 0.75727222  0.73633302  0.74182279  0.73534295  0.76452649  0.75398435
   0.73252992  0.73472071  0.74303383  0.76179504]
 [ 0.24143776  0.26627499  0.25779955  0.25985474  0.23089458  0.23588127
   0.25882138  0.26426047  0.25624333  0.24744323]]
Generation 157 | highest fitness: 0.98 | Born: 2 | prediction: 0.97
[[ 0.75574507  0.73711619  0.74242191  0.73584587  0.76323374  0.75348783
   0.73276584  0.73565951  0.74319268  0.76052226]
 [ 0.24255937  0.26613118  0.25757547  0.25865578  0.23167524  0.23662839
   0.25845313  0.26371833  0.25589243  0.24811257]]
Generation 158 | highest fitness: 0.97 | Born: 2 | prediction: 0.94
[[ 0.75549039  0.7393459   0.74408629  0.73657488  0.76062128  0.75048107
   0.73378237  0.73740072  0.7448483   0.75869818]
 [ 0.24325406  0.26507094  0.25620473  0.25801427  0.23268892  0.23687211
   0.25732197  0.26291988  0.25526957  0.24889251]]
Generation 159 | highest fitness: 0.97 | Born: 2 | prediction: 0.98
[[ 0.75483071  0.74030217  0.74594894  0.73708238  0.75918605  0.74939729
   0.73360167  0.73837844  0.74526458  0.75728415]
 [ 0.2437922   0.26495037  0.25576103  0.25746984  0.23291235  0.23679951
   0.25678098  0.26235115  0.25446345  0.24866859]]
Generation 160 | highest fitness: 0.98 | Born: 2 | prediction: 0.94
[[ 0.75470244  0.74116434  0.74677303  0.73783881  0.75826357  0.74930569
   0.73412665  0.73938106  0.74558337  0.75675688]
 [ 0.24554612  0.26348847  0.25495112  0.25690649  0.23319471  0.2381053
   0.25676252  0.26038576  0.25366985  0.2498248 ]]
Generation 161 | highest fitness: 0.98 | Born: 2 | prediction: 0.98
[[ 0.75481143  0.74299121  0.74853148  0.73793172  0.75588914  0.74837144
   0.73537394  0.73878969  0.74624725  0.75484446]
 [ 0.24672226  0.26306586  0.25443738  0.25682354  0.23415724  0.23859128
   0.25608876  0.25983587  0.25272082  0.25008482]]
Generation 162 | highest fitness: 0.98 | Born: 2 | prediction: 0.94
[[ 0.75390607  0.74356821  0.74975477  0.7383781   0.75462927  0.74751983
   0.73618743  0.73974833  0.74766286  0.75445854]
 [ 0.24718277  0.26179089  0.25455319  0.25603604  0.23456784  0.23897038
   0.25589846  0.25858626  0.25211626  0.25096571]]
Generation 163 | highest fitness: 0.98 | Born: 2 | prediction: 0.97
[[ 0.75143719  0.74524057  0.75017115  0.73940417  0.75309681  0.74583674
   0.73653105  0.74099414  0.74904955  0.75221925]
 [ 0.24715963  0.26059483  0.25260822  0.25489771  0.23528755  0.24067236
   0.254556    0.25701182  0.25183855  0.25110967]]
Generation 164 | highest fitness: 0.98 | Born: 2 | prediction: 0.94
[[ 0.74931705  0.74691463  0.75176112  0.74251963  0.75094811  0.74481833
   0.73835432  0.74240556  0.7499878   0.75176251]
 [ 0.24766254  0.2600028   0.25164586  0.2541286   0.23615802  0.24100029
   0.25378885  0.25674685  0.25118674  0.25128392]]
Generation 165 | highest fitness: 0.98 | Born: 2 | prediction: 0.97
[[ 0.74852471  0.7480214   0.75207466  0.74441629  0.74920332  0.7442538
   0.73934903  0.74336435  0.75031667  0.75113701]
 [ 0.24878582  0.25889659  0.25062083  0.25384216  0.23740063  0.24104638
   0.25255338  0.25586682  0.25035954  0.25141533]]
Generation 166 | highest fitness: 0.97 | Born: 2 | prediction: 0.96
[[ 0.74836046  0.74910435  0.75329703  0.74464637  0.7472589   0.74271046
   0.73980256  0.74413549  0.75137793  0.74988481]
 [ 0.24866085  0.25841571  0.25010102  0.25350675  0.23776374  0.24107419
   0.25209212  0.2555248   0.24990531  0.25186368]]
Generation 167 | highest fitness: 0.97 | Born: 2 | prediction: 0.95
[[ 0.74632817  0.75015306  0.75400105  0.74573406  0.74678278  0.74273579
   0.74031332  0.74476347  0.75194402  0.74923103]
 [ 0.24863049  0.25783025  0.24989953  0.25279492  0.23894323  0.2417454
   0.25090585  0.25496001  0.24954338  0.25326374]]
Generation 168 | highest fitness: 0.97 | Born: 2 | prediction: 0.95
[[ 0.74511994  0.7509431   0.75476615  0.74604555  0.74645643  0.7415459
   0.74142526  0.745591    0.75297747  0.74888869]
 [ 0.24925242  0.25688404  0.24901467  0.25245817  0.24037326  0.24297468
   0.25059631  0.25347629  0.24866521  0.25531244]]
Generation 169 | highest fitness: 0.96 | Born: 2 | prediction: 0.96
[[ 0.7443625   0.75142793  0.75522994  0.7466613   0.74568368  0.74160347
   0.74225855  0.74620475  0.75344886  0.74889794]
 [ 0.25023143  0.25624544  0.24805242  0.25165824  0.24025055  0.2441986
   0.24961708  0.25306591  0.24790134  0.25564312]]
Generation 170 | highest fitness: 0.96 | Born: 2 | prediction: 0.99
[[ 0.74378804  0.75132664  0.75616351  0.74784231  0.74403253  0.740162
   0.74311987  0.74632359  0.75475227  0.74668632]
 [ 0.25186114  0.25454826  0.24701691  0.25020086  0.24102408  0.2451221
   0.24914166  0.25236221  0.24667509  0.25683285]]
Generation 171 | highest fitness: 0.99 | Born: 2 | prediction: 1.0
[[ 0.74224805  0.75257659  0.75634814  0.74872696  0.74326626  0.73955014
   0.74442312  0.7465736   0.75584952  0.74641935]
 [ 0.25230801  0.25379655  0.24565505  0.24881277  0.24172819  0.24579248
   0.24826647  0.2507883   0.24548409  0.2577429 ]]
Generation 172 | highest fitness: 1.0 | Born: 2 | prediction: 1.0
[[ 0.7405894   0.754015    0.75775857  0.75020057  0.74319511  0.73862182
   0.74504347  0.74842441  0.75690457  0.74560738]
 [ 0.25492034  0.25230212  0.24360476  0.24737395  0.24337953  0.24718385
   0.24747906  0.2495434   0.24429693  0.25749509]]
Generation 173 | highest fitness: 1.0 | Born: 2 | prediction: 0.97
[[ 0.73810979  0.75470543  0.75859771  0.75037479  0.74289241  0.7387359
   0.74674525  0.74842955  0.75793783  0.74565386]
 [ 0.25553934  0.25182185  0.24308002  0.24671294  0.24377503  0.24766937
   0.2470037   0.24907016  0.24364426  0.25797349]]
Generation 174 | highest fitness: 1.0 | Born: 2 | prediction: 0.96
[[ 0.73720933  0.75507278  0.75914859  0.75088203  0.74200515  0.73827318
   0.74733178  0.74936456  0.75838359  0.74526194]
 [ 0.25677521  0.25153472  0.24160069  0.24570863  0.24569593  0.25058629
   0.24442172  0.24724685  0.24373095  0.25943845]]
Generation 175 | highest fitness: 1.0 | Born: 2 | prediction: 0.98
[[ 0.7364027   0.75663481  0.76024788  0.75247872  0.73935663  0.73659574
   0.74914498  0.75073132  0.75891356  0.74506874]
 [ 0.25800083  0.24975361  0.24062713  0.24445797  0.24797242  0.25186994
   0.24389355  0.24551124  0.24226205  0.26110868]]
Generation 176 | highest fitness: 0.99 | Born: 2 | prediction: 0.96
[[ 0.73433489  0.75742595  0.761418    0.75331429  0.73748132  0.73494484
   0.75022151  0.75179248  0.75968904  0.74372484]
 [ 0.25810269  0.24919188  0.23989488  0.24441873  0.24798955  0.25160787
   0.24275862  0.24503153  0.24153242  0.26059316]]
Generation 177 | highest fitness: 0.98 | Born: 2 | prediction: 0.97
[[ 0.73372297  0.75744713  0.76218332  0.75334152  0.73793791  0.73399425
   0.7508048   0.75118749  0.76036203  0.74377912]
 [ 0.2593005   0.24836288  0.23916104  0.24427579  0.2494994   0.25287583
   0.24091843  0.24446387  0.24078259  0.26025682]]
Generation 178 | highest fitness: 0.98 | Born: 2 | prediction: 1.0
[[ 0.73351436  0.75877783  0.76322381  0.7545325   0.73603757  0.73258464
   0.7516108   0.75192384  0.76161845  0.74251467]
 [ 0.25993919  0.2470748   0.23956047  0.24303136  0.25001566  0.25381013
   0.23925567  0.2432174   0.23889427  0.25997708]]
Generation 179 | highest fitness: 1.0 | Born: 2 | prediction: 0.99
[[ 0.73226621  0.76032043  0.76472195  0.75568279  0.73411205  0.73308486
   0.75192077  0.75353498  0.7624805   0.7416113 ]
 [ 0.26094268  0.24517963  0.23811289  0.24179864  0.25092359  0.25549698
   0.23746643  0.24261046  0.23835656  0.26101847]]
Generation 180 | highest fitness: 1.0 | Born: 2 | prediction: 0.99
[[ 0.73146346  0.76121885  0.76538963  0.75513688  0.73265787  0.73224456
   0.75298317  0.7537815   0.76320375  0.74131086]
 [ 0.26223792  0.24424801  0.23691289  0.24100363  0.25195397  0.25636799
   0.23759663  0.24231597  0.23832916  0.26276358]]
Generation 181 | highest fitness: 0.99 | Born: 2 | prediction: 0.97
[[ 0.72920078  0.76204323  0.76569374  0.75627793  0.73194853  0.73209546
   0.75375206  0.7552258   0.76354108  0.74024403]
 [ 0.26319315  0.24422433  0.23614012  0.24039164  0.25170488  0.25734536
   0.23682591  0.24163085  0.23767469  0.26409502]]
Generation 182 | highest fitness: 0.99 | Born: 2 | prediction: 1.0
[[ 0.72889981  0.76254488  0.76611814  0.75626882  0.73187114  0.73213908
   0.75448817  0.75557642  0.7636992   0.74008196]
 [ 0.26385028  0.24317263  0.23538403  0.23895623  0.25269295  0.25806317
   0.23542749  0.24039432  0.23690268  0.26431933]]
Generation 183 | highest fitness: 1.0 | Born: 2 | prediction: 0.99
[[ 0.72850325  0.764493    0.76656869  0.75765973  0.73102557  0.73149902
   0.75610679  0.75697484  0.7654264   0.73914741]
 [ 0.26413957  0.24177707  0.23467879  0.23766371  0.25460457  0.25902562
   0.23375286  0.23903978  0.23573218  0.2652759 ]]
Generation 184 | highest fitness: 1.0 | Born: 2 | prediction: 0.99
[[ 0.72814883  0.76431619  0.76693112  0.75822371  0.73122972  0.73111309
   0.75607504  0.75688828  0.76514138  0.73932599]
 [ 0.26513959  0.23988077  0.23348246  0.23747944  0.25674726  0.26007899
   0.23173163  0.23884116  0.23389894  0.2664727 ]]
Generation 185 | highest fitness: 1.0 | Born: 2 | prediction: 0.99
[[ 0.72701541  0.76591192  0.7679207   0.75872093  0.72948546  0.73091634
   0.75698044  0.75778551  0.76692212  0.73846681]
 [ 0.26603837  0.23975661  0.23340081  0.23707031  0.2560934   0.26002923
   0.23247736  0.23854246  0.23330905  0.26625626]]
Generation 186 | highest fitness: 0.99 | Born: 2 | prediction: 0.99
[[ 0.7262725   0.76650925  0.76957704  0.75917384  0.72893382  0.72862416
   0.75896118  0.75824771  0.76772521  0.73761023]
 [ 0.26557525  0.2391798   0.23210824  0.23534749  0.25671407  0.26002109
   0.2319775   0.23778275  0.23201746  0.26813965]]
Generation 187 | highest fitness: 0.99 | Born: 2 | prediction: 0.99
[[ 0.723582    0.76822624  0.77063564  0.76117369  0.72726258  0.7288388
   0.76096316  0.75879248  0.7692208   0.73668865]
 [ 0.26762738  0.23768203  0.23088591  0.23469539  0.2574493   0.26072169
   0.23035377  0.23730654  0.23019192  0.26895662]]
Generation 188 | highest fitness: 0.99 | Born: 2 | prediction: 0.99
[[ 0.72291393  0.76961082  0.77220504  0.76263237  0.72718627  0.7281155
   0.76284434  0.76069646  0.77038478  0.73567273]
 [ 0.26892846  0.23613218  0.22979602  0.23258516  0.25845726  0.26071459
   0.22946569  0.23576038  0.22910885  0.27103095]]
Generation 189 | highest fitness: 0.99 | Born: 2 | prediction: 0.98
[[ 0.7215576   0.77086287  0.77310248  0.76394252  0.72662692  0.72654936
   0.76398622  0.76152321  0.77146388  0.73321113]
 [ 0.27048794  0.23427453  0.22872763  0.23172155  0.2608552   0.26284772
   0.2274494   0.23390716  0.22757272  0.27256542]]
Generation 190 | highest fitness: 0.99 | Born: 2 | prediction: 0.97
[[ 0.72067779  0.77181174  0.77448654  0.76449886  0.72615651  0.72630745
   0.76545334  0.76232938  0.77217948  0.73268072]
 [ 0.27197659  0.23375576  0.22775616  0.23038013  0.26261167  0.26424444
   0.22666067  0.23220403  0.22678275  0.27335399]]
Generation 191 | highest fitness: 0.99 | Born: 2 | prediction: 0.99
[[ 0.72045468  0.77268326  0.77514039  0.76543557  0.72530311  0.72622796
   0.76638154  0.76386688  0.77343534  0.73196297]
 [ 0.27283854  0.23283195  0.22569806  0.2292929   0.26457388  0.26538967
   0.22501407  0.23109712  0.22533466  0.27420108]]
Generation 192 | highest fitness: 0.99 | Born: 2 | prediction: 0.99
[[ 0.72034723  0.77359025  0.7760256   0.76714552  0.72404461  0.7255153
   0.76715971  0.76540605  0.77433567  0.73083011]
 [ 0.27444009  0.23157996  0.22370212  0.22725864  0.26585352  0.26727562
   0.22364042  0.22986362  0.22416259  0.2757881 ]]
Generation 193 | highest fitness: 0.99 | Born: 2 | prediction: 0.98
[[ 0.71997081  0.77476958  0.77755539  0.76838498  0.72232757  0.72471748
   0.76877222  0.76610198  0.77382874  0.73054248]
 [ 0.27608855  0.23046896  0.22247042  0.22619067  0.26619352  0.26700404
   0.22280761  0.22916799  0.22312545  0.27722401]]
Generation 194 | highest fitness: 0.99 | Born: 2 | prediction: 0.99
[[ 0.7178108   0.77676067  0.77951626  0.76976739  0.7219498   0.72340989
   0.77082835  0.76750915  0.77537808  0.72826781]
 [ 0.27729475  0.22968238  0.22127605  0.22496577  0.26748091  0.26875821
   0.22224171  0.22839209  0.22255694  0.27763184]]
Generation 195 | highest fitness: 0.99 | Born: 2 | prediction: 1.0
[[ 0.71662333  0.77805943  0.7809407   0.77024417  0.72102346  0.72160137
   0.77158817  0.76858319  0.77566962  0.72744178]
 [ 0.27844748  0.22808928  0.21883554  0.22366704  0.26827783  0.26977696
   0.22121323  0.22705189  0.22081279  0.27854321]]
Generation 196 | highest fitness: 1.0 | Born: 2 | prediction: 0.99
[[ 0.71567558  0.77905883  0.78168086  0.771782    0.72003297  0.720374
   0.77288169  0.76967463  0.77692349  0.72615768]
 [ 0.27990058  0.22658026  0.21755321  0.22249089  0.27011299  0.27145177
   0.22035312  0.22643687  0.21980858  0.27999549]]
Generation 197 | highest fitness: 1.0 | Born: 2 | prediction: 0.99
[[ 0.71432419  0.77966507  0.78226847  0.77268071  0.71985455  0.71995238
   0.7735318   0.7708291   0.77802647  0.72461144]
 [ 0.28105784  0.22573872  0.21655055  0.22118065  0.2718845   0.27320924
   0.2182979   0.22482944  0.21852647  0.28140755]]
189.34
done
