CROSS1MUT150,0.925
[0.97999999999999998, 0.92000000000000004, 0.93999999999999995, 0.85999999999999999]
CROSS1MUT1100,0.955
[0.98999999999999999, 0.94999999999999996, 0.94999999999999996, 0.93000000000000005]
CROSS1MUT1200,0.95875
[0.94499999999999995, 0.95999999999999996, 0.96499999999999997, 0.96499999999999997]
CROSS1MUT250,0.95
[0.97999999999999998, 0.93999999999999995, 0.93999999999999995, 0.93999999999999995]
CROSS1MUT2100,0.9625
[0.98999999999999999, 0.97999999999999998, 0.94999999999999996, 0.93000000000000005]
CROSS1MUT2200,0.95
[0.95999999999999996, 0.94499999999999995, 0.93999999999999995, 0.95499999999999996]
CROSS2MUT150,0.91
[0.97999999999999998, 0.95999999999999996, 0.80000000000000004, 0.90000000000000002]
CROSS2MUT1100,0.9275
[0.93000000000000005, 0.93999999999999995, 0.92000000000000004, 0.92000000000000004]
CROSS2MUT1200,0.95875
[0.95499999999999996, 0.95999999999999996, 0.94499999999999995, 0.97499999999999998]
CROSS2MUT250,0.925
[1.0, 0.92000000000000004, 0.93999999999999995, 0.83999999999999997]
CROSS2MUT2100,0.95
[0.93999999999999995, 0.96999999999999997, 0.94999999999999996, 0.93999999999999995]
CROSS2MUT2200,0.95875
[0.97999999999999998, 0.96999999999999997, 0.93500000000000005, 0.94999999999999996]
Comparison200:0.89
[0.67500000000000004, 0.95499999999999996, 0.92000000000000004, 0.95499999999999996, 0.94499999999999995]
Comparison50:0.876
[0.64000000000000001, 0.88, 0.93999999999999995, 0.92000000000000004, 1.0]
Comparison100:0.876
[0.63, 0.93000000000000005, 0.98999999999999999, 0.91000000000000003, 0.92000000000000004]
