CROSS4MUT42,0.775862068966
[1.0, 1.0, 0.5, 1.0, 1.0, 0.5, 0.5, 0.5, 1.0, 1.0, 1.0, 1.0, 1.0, 1.0, 0.5, 1.0, 1.0, 0.5, 0.0, 0.5, 0.5, 0.0, 0.5, 0.5, 0.5, 1.0, 1.0, 0.5, 1.0, 0.0, 0.0, 0.5, 0.5, 0.5, 0.5, 1.0, 1.0, 0.5, 1.0, 1.0, 1.0, 1.0, 1.0, 1.0, 1.0, 1.0, 1.0, 1.0, 0.5, 1.0, 1.0, 1.0, 1.0, 1.0, 1.0, 1.0, 1.0, 1.0]
CROSS4MUT43,0.736842105263
[0.66666666666666663, 1.0, 1.0, 0.33333333333333331, 1.0, 1.0, 1.0, 0.66666666666666663, 0.66666666666666663, 1.0, 1.0, 0.33333333333333331, 0.33333333333333331, 0.33333333333333331, 0.66666666666666663, 0.33333333333333331, 0.33333333333333331, 0.66666666666666663, 0.66666666666666663, 0.66666666666666663, 0.33333333333333331, 0.33333333333333331, 0.33333333333333331, 1.0, 0.33333333333333331, 0.0, 1.0, 1.0, 1.0, 1.0, 1.0, 1.0, 1.0, 1.0, 1.0, 1.0, 1.0, 1.0]
CROSS4MUT44,0.723214285714
[0.5, 1.0, 0.75, 1.0, 1.0, 1.0, 0.5, 0.5, 0.75, 1.0, 0.0, 0.0, 0.75, 0.75, 0.0, 0.75, 0.75, 0.25, 0.0, 1.0, 1.0, 1.0, 1.0, 1.0, 1.0, 1.0, 1.0, 1.0]
Comparison2:0.741379310345
[0.5, 1.0, 1.0, 0.5, 1.0, 1.0, 1.0, 1.0, 1.0, 1.0, 1.0, 1.0, 1.0, 0.5, 1.0, 0.5, 1.0, 1.0, 0.5, 0.5, 0.5, 0.0, 1.0, 0.5, 0.0, 0.5, 0.5, 0.5, 0.5, 1.0, 1.0, 0.0, 0.5, 0.0, 0.5, 0.5, 0.0, 1.0, 0.5, 0.5, 0.0, 1.0, 0.5, 1.0, 1.0, 1.0, 1.0, 1.0, 1.0, 1.0, 1.0, 1.0, 1.0, 1.0, 1.0, 1.0, 1.0, 1.0]
Comparison3:0.701754385965
[0.33333333333333331, 0.66666666666666663, 0.66666666666666663, 1.0, 1.0, 1.0, 1.0, 1.0, 0.66666666666666663, 0.66666666666666663, 1.0, 1.0, 0.33333333333333331, 0.33333333333333331, 1.0, 0.0, 0.33333333333333331, 0.33333333333333331, 0.66666666666666663, 0.66666666666666663, 0.33333333333333331, 0.33333333333333331, 0.33333333333333331, 0.33333333333333331, 0.33333333333333331, 0.66666666666666663, 0.0, 1.0, 1.0, 1.0, 1.0, 1.0, 1.0, 1.0, 0.66666666666666663, 1.0, 1.0, 1.0]
Comparison4:0.732142857143
[1.0, 0.5, 1.0, 0.75, 1.0, 1.0, 1.0, 0.5, 0.75, 0.5, 0.5, 0.0, 0.5, 0.75, 0.75, 0.25, 0.25, 0.75, 0.5, 0.25, 1.0, 1.0, 1.0, 1.0, 1.0, 1.0, 1.0, 1.0]
