CROSS3MUT750,0.990810810811
[0.90000000000000002, 0.85999999999999999, 0.97999999999999998, 1.0, 1.0, 1.0, 1.0, 0.97999999999999998, 1.0, 1.0, 1.0, 1.0, 1.0, 0.97999999999999998, 0.97999999999999998, 1.0, 1.0, 1.0, 1.0, 1.0, 1.0, 1.0, 1.0, 1.0, 1.0, 1.0, 1.0, 0.97999999999999998, 1.0, 1.0, 1.0, 1.0, 1.0, 1.0, 1.0, 1.0, 1.0]
CROSS3MUT7100,0.975555555556
[0.78000000000000003, 0.94999999999999996, 0.93000000000000005, 0.96999999999999997, 1.0, 0.98999999999999999, 1.0, 1.0, 0.98999999999999999, 0.98999999999999999, 1.0, 1.0, 1.0, 0.98999999999999999, 0.97999999999999998, 1.0, 0.98999999999999999, 1.0]
CROSS3MUT7200,0.99125
[0.94499999999999995, 0.98999999999999999, 0.995, 1.0, 1.0, 1.0, 1.0, 1.0]
Comparison200:0.950625
[0.69499999999999995, 0.93000000000000005, 0.98499999999999999, 0.995, 1.0, 1.0, 1.0, 1.0]
Comparison50:0.94
[0.38, 0.76000000000000001, 0.68000000000000005, 0.73999999999999999, 0.66000000000000003, 0.92000000000000004, 0.92000000000000004, 0.97999999999999998, 0.78000000000000003, 1.0, 0.97999999999999998, 1.0, 1.0, 1.0, 1.0, 0.97999999999999998, 1.0, 1.0, 1.0, 1.0, 1.0, 1.0, 1.0, 1.0, 1.0, 1.0, 1.0, 1.0, 1.0, 1.0, 1.0, 1.0, 1.0, 1.0, 1.0, 1.0, 1.0]
Comparison100:0.961111111111
[0.62, 0.89000000000000001, 0.93000000000000005, 0.97999999999999998, 0.98999999999999999, 0.92000000000000004, 1.0, 0.97999999999999998, 0.98999999999999999, 1.0, 1.0, 1.0, 1.0, 1.0, 1.0, 1.0, 1.0, 1.0]
