CROSS3MUT72,0.684482758621
[0.90000000000000002, 0.89000000000000001, 0.85999999999999999, 0.79000000000000004, 0.75, 0.87, 0.85999999999999999, 0.85999999999999999, 0.93000000000000005, 0.88, 0.89000000000000001, 1.0, 1.0, 1.0, 1.0, 1.0, 1.0, 1.0, 0.45000000000000001, 0.37, 0.47999999999999998, 0.35999999999999999, 0.38, 0.37, 0.31, 0.34999999999999998, 0.47999999999999998, 0.38, 0.25, 0.40000000000000002, 0.34999999999999998, 0.33000000000000002, 0.33000000000000002, 0.28999999999999998, 0.40999999999999998, 0.35999999999999999, 0.37, 0.29999999999999999, 0.81999999999999995, 0.83999999999999997, 0.83999999999999997, 0.81999999999999995, 0.85999999999999999, 0.76000000000000001, 0.71999999999999997, 0.77000000000000002, 0.76000000000000001, 0.81000000000000005, 0.79000000000000004, 0.82999999999999996, 0.80000000000000004, 0.77000000000000002, 0.80000000000000004, 0.78000000000000003, 0.78000000000000003, 0.75, 0.77000000000000002, 0.82999999999999996]
CROSS3MUT73,0.680263157895
[0.95999999999999996, 0.85999999999999999, 0.91000000000000003, 0.89000000000000001, 0.91000000000000003, 0.91000000000000003, 0.84999999999999998, 0.87, 0.92000000000000004, 0.97999999999999998, 0.93999999999999995, 0.93999999999999995, 0.28999999999999998, 0.42999999999999999, 0.34999999999999998, 0.51000000000000001, 0.41999999999999998, 0.31, 0.34000000000000002, 0.39000000000000001, 0.38, 0.38, 0.44, 0.33000000000000002, 0.31, 0.83999999999999997, 0.68000000000000005, 0.76000000000000001, 0.82999999999999996, 0.73999999999999999, 0.71999999999999997, 0.80000000000000004, 0.76000000000000001, 0.79000000000000004, 0.70999999999999996, 0.77000000000000002, 0.80000000000000004, 0.82999999999999996]
CROSS3MUT74,0.621428571429
[0.91000000000000003, 0.90000000000000002, 0.73999999999999999, 0.78000000000000003, 0.93999999999999995, 0.92000000000000004, 0.96999999999999997, 0.93000000000000005, 0.34999999999999998, 0.40999999999999998, 0.28000000000000003, 0.45000000000000001, 0.38, 0.35999999999999999, 0.34000000000000002, 0.23000000000000001, 0.39000000000000001, 0.39000000000000001, 0.75, 0.63, 0.71999999999999997, 0.67000000000000004, 0.68000000000000005, 0.68999999999999995, 0.65000000000000002, 0.65000000000000002, 0.65000000000000002, 0.64000000000000001]
Comparison2:0.806551724138
[0.92000000000000004, 0.87, 0.81999999999999995, 0.92000000000000004, 0.48999999999999999, 0.94999999999999996, 0.90000000000000002, 0.91000000000000003, 0.84999999999999998, 0.93999999999999995, 0.96999999999999997, 0.94999999999999996, 0.92000000000000004, 0.94999999999999996, 0.92000000000000004, 0.94999999999999996, 0.71999999999999997, 0.68000000000000005, 0.64000000000000001, 0.42999999999999999, 0.41999999999999998, 0.46999999999999997, 0.66000000000000003, 0.67000000000000004, 0.46000000000000002, 0.5, 0.62, 0.71999999999999997, 0.51000000000000001, 0.66000000000000003, 0.62, 0.66000000000000003, 0.76000000000000001, 0.76000000000000001, 0.62, 0.68999999999999995, 0.58999999999999997, 0.69999999999999996, 0.65000000000000002, 0.51000000000000001, 0.82999999999999996, 1.0, 1.0, 1.0, 1.0, 1.0, 1.0, 1.0, 1.0, 1.0, 1.0, 1.0, 1.0, 1.0, 1.0, 1.0, 1.0, 1.0]
Comparison3:0.816578947368
[0.87, 0.91000000000000003, 0.90000000000000002, 0.92000000000000004, 0.88, 0.91000000000000003, 0.93000000000000005, 0.89000000000000001, 0.87, 0.87, 1.0, 0.88, 0.87, 0.42999999999999999, 0.65000000000000002, 0.73999999999999999, 0.40000000000000002, 0.47999999999999998, 0.71999999999999997, 0.59999999999999998, 0.62, 0.75, 0.68999999999999995, 0.55000000000000004, 0.51000000000000001, 0.51000000000000001, 0.68000000000000005, 1.0, 1.0, 1.0, 1.0, 1.0, 1.0, 1.0, 1.0, 1.0, 1.0, 1.0]
Comparison4:0.764285714286
[0.90000000000000002, 0.88, 0.69999999999999996, 0.77000000000000002, 0.93999999999999995, 0.88, 0.83999999999999997, 0.90000000000000002, 0.64000000000000001, 0.40999999999999998, 0.51000000000000001, 0.65000000000000002, 0.40000000000000002, 0.60999999999999999, 0.67000000000000004, 0.66000000000000003, 0.68000000000000005, 0.53000000000000003, 0.66000000000000003, 0.17000000000000001, 1.0, 1.0, 1.0, 1.0, 1.0, 1.0, 1.0, 1.0]
