CROSS6MUT72,0.522931034483
[0.14000000000000001, 0.83999999999999997, 0.87, 0.87, 0.92000000000000004, 0.40999999999999998, 0.51000000000000001, 0.80000000000000004, 0.57999999999999996, 0.42999999999999999, 0.76000000000000001, 0.88, 0.48999999999999999, 0.31, 0.40000000000000002, 0.72999999999999998, 0.37, 0.83999999999999997, 0.39000000000000001, 0.68999999999999995, 0.67000000000000004, 0.60999999999999999, 0.72999999999999998, 0.51000000000000001, 0.54000000000000004, 0.54000000000000004, 0.59999999999999998, 0.60999999999999999, 0.46000000000000002, 0.57999999999999996, 0.56000000000000005, 0.56000000000000005, 0.52000000000000002, 0.38, 0.37, 0.46999999999999997, 0.51000000000000001, 0.48999999999999999, 0.050000000000000003, 0.10000000000000001, 0.67000000000000004, 0.02, 0.35999999999999999, 0.26000000000000001, 0.050000000000000003, 0.34000000000000002, 0.47999999999999998, 0.46000000000000002, 1.0, 0.5, 0.87, 0.34000000000000002, 0.5, 0.029999999999999999, 0.23999999999999999, 0.70999999999999996, 1.0, 0.40999999999999998]
CROSS6MUT73,0.576578947368
[0.14999999999999999, 0.91000000000000003, 0.90000000000000002, 0.59999999999999998, 0.73999999999999999, 0.71999999999999997, 0.97999999999999998, 0.87, 0.28999999999999998, 0.34000000000000002, 0.72999999999999998, 0.38, 0.53000000000000003, 0.60999999999999999, 0.72999999999999998, 0.40000000000000002, 0.34999999999999998, 0.58999999999999997, 0.51000000000000001, 0.57999999999999996, 0.58999999999999997, 0.41999999999999998, 0.22, 0.51000000000000001, 0.38, 1.0, 0.70999999999999996, 0.029999999999999999, 0.29999999999999999, 0.14000000000000001, 0.28999999999999998, 0.87, 0.81000000000000005, 0.88, 0.94999999999999996, 0.27000000000000002, 0.63, 1.0]
CROSS6MUT74,0.498571428571
[0.17000000000000001, 0.84999999999999998, 0.45000000000000001, 0.70999999999999996, 0.94999999999999996, 0.92000000000000004, 0.10000000000000001, 0.59999999999999998, 0.47999999999999998, 0.46000000000000002, 0.42999999999999999, 0.34999999999999998, 0.76000000000000001, 0.53000000000000003, 0.70999999999999996, 0.58999999999999997, 0.34000000000000002, 0.56999999999999995, 0.17000000000000001, 0.93000000000000005, 0.28999999999999998, 0.02, 0.29999999999999999, 0.35999999999999999, 0.070000000000000007, 0.87, 0.23999999999999999, 0.73999999999999999]
Comparison2:0.471551724138
[0.17000000000000001, 0.56000000000000005, 0.91000000000000003, 0.91000000000000003, 0.88, 0.88, 0.89000000000000001, 0.90000000000000002, 0.72999999999999998, 0.90000000000000002, 0.81999999999999995, 0.90000000000000002, 0.90000000000000002, 0.92000000000000004, 0.13, 0.26000000000000001, 0.23999999999999999, 0.23000000000000001, 0.31, 0.44, 0.68000000000000005, 0.53000000000000003, 0.59999999999999998, 0.64000000000000001, 0.72999999999999998, 0.41999999999999998, 0.59999999999999998, 0.68000000000000005, 0.71999999999999997, 0.65000000000000002, 0.67000000000000004, 0.47999999999999998, 0.56000000000000005, 0.56000000000000005, 0.46000000000000002, 0.27000000000000002, 0.53000000000000003, 0.75, 0.58999999999999997, 0.20999999999999999, 0.02, 0.29999999999999999, 0.01, 0.0, 0.02, 0.0, 0.01, 0.26000000000000001, 0.080000000000000002, 0.81000000000000005, 0.34000000000000002, 0.02, 0.12, 0.17999999999999999, 0.040000000000000001, 0.050000000000000003, 0.44, 0.44]
Comparison3:0.557105263158
[0.48999999999999999, 0.90000000000000002, 0.92000000000000004, 0.90000000000000002, 0.84999999999999998, 0.90000000000000002, 0.92000000000000004, 0.93000000000000005, 0.93000000000000005, 0.40000000000000002, 0.5, 0.46999999999999997, 0.53000000000000003, 0.72999999999999998, 0.59999999999999998, 0.53000000000000003, 0.48999999999999999, 0.45000000000000001, 0.46999999999999997, 0.73999999999999999, 0.55000000000000004, 0.69999999999999996, 0.51000000000000001, 0.47999999999999998, 0.75, 0.45000000000000001, 0.56999999999999995, 0.52000000000000002, 0.12, 0.029999999999999999, 0.11, 0.46999999999999997, 0.44, 0.72999999999999998, 0.16, 0.34000000000000002, 0.16, 0.42999999999999999]
Comparison4:0.446428571429
[0.25, 0.83999999999999997, 0.89000000000000001, 0.94999999999999996, 0.84999999999999998, 0.91000000000000003, 0.90000000000000002, 0.23000000000000001, 0.19, 0.58999999999999997, 0.70999999999999996, 0.54000000000000004, 0.32000000000000001, 0.65000000000000002, 0.70999999999999996, 0.62, 0.46000000000000002, 0.37, 0.46000000000000002, 0.13, 0.37, 0.029999999999999999, 0.029999999999999999, 0.11, 0.20999999999999999, 0.01, 0.14000000000000001, 0.029999999999999999]
