CROSS1MUT125,0.845866666667
[0.40000000000000002, 0.92000000000000004, 0.80000000000000004, 0.44, 0.92000000000000004, 0.95999999999999996, 0.95999999999999996, 0.95999999999999996, 0.88, 0.80000000000000004, 0.95999999999999996, 0.88, 0.88, 0.95999999999999996, 0.88, 0.44, 0.52000000000000002, 1.0, 0.83999999999999997, 0.76000000000000001, 0.92000000000000004, 0.95999999999999996, 0.95999999999999996, 1.0, 0.83999999999999997, 0.83999999999999997, 0.56000000000000005, 0.44, 0.80000000000000004, 0.88, 0.88, 0.56000000000000005, 0.88, 0.83999999999999997, 0.92000000000000004, 0.47999999999999998, 0.95999999999999996, 0.56000000000000005, 0.95999999999999996, 0.44, 0.95999999999999996, 0.88, 0.95999999999999996, 0.92000000000000004, 0.88, 0.88, 0.80000000000000004, 0.92000000000000004, 0.95999999999999996, 0.80000000000000004, 0.92000000000000004, 0.88, 0.83999999999999997, 0.92000000000000004, 1.0, 0.68000000000000005, 1.0, 0.92000000000000004, 1.0, 0.83999999999999997, 0.76000000000000001, 0.88, 0.92000000000000004, 0.95999999999999996, 0.83999999999999997, 0.92000000000000004, 0.95999999999999996, 1.0, 0.83999999999999997, 0.88, 1.0, 0.92000000000000004, 0.83999999999999997, 0.92000000000000004, 1.0]
CROSS1MUT150,0.884324324324
[0.59999999999999998, 0.85999999999999999, 0.97999999999999998, 0.81999999999999995, 0.92000000000000004, 1.0, 0.92000000000000004, 0.90000000000000002, 0.90000000000000002, 0.95999999999999996, 0.92000000000000004, 0.90000000000000002, 0.83999999999999997, 0.88, 0.71999999999999997, 0.93999999999999995, 0.85999999999999999, 0.95999999999999996, 0.81999999999999995, 0.90000000000000002, 0.47999999999999998, 0.90000000000000002, 0.90000000000000002, 0.95999999999999996, 0.93999999999999995, 0.88, 0.90000000000000002, 0.97999999999999998, 0.92000000000000004, 0.93999999999999995, 0.95999999999999996, 0.81999999999999995, 0.85999999999999999, 0.81999999999999995, 0.95999999999999996, 0.90000000000000002, 1.0]
CROSS1MUT1100,0.807777777778
[0.76000000000000001, 0.82999999999999996, 0.93000000000000005, 0.46000000000000002, 0.81999999999999995, 0.93999999999999995, 0.54000000000000004, 0.54000000000000004, 0.91000000000000003, 0.90000000000000002, 0.96999999999999997, 0.95999999999999996, 0.89000000000000001, 0.57999999999999996, 0.92000000000000004, 0.88, 0.70999999999999996, 1.0]
CROSS1MUT1125,0.86821978022
[0.92800000000000005, 0.94399999999999995, 0.92000000000000004, 0.95999999999999996, 0.71999999999999997, 0.84799999999999998, 0.88, 0.81599999999999995, 0.96799999999999997, 0.81599999999999995, 0.752, 0.74399999999999999, 0.93600000000000005, 0.92307692307692313]
CROSS1MUT225,0.876266666667
[0.52000000000000002, 0.95999999999999996, 0.64000000000000001, 0.83999999999999997, 0.88, 0.92000000000000004, 0.95999999999999996, 0.95999999999999996, 0.83999999999999997, 0.80000000000000004, 0.88, 0.71999999999999997, 1.0, 0.95999999999999996, 0.88, 0.83999999999999997, 0.83999999999999997, 0.95999999999999996, 0.95999999999999996, 0.83999999999999997, 0.92000000000000004, 0.92000000000000004, 0.95999999999999996, 1.0, 0.88, 0.88, 0.88, 0.88, 0.64000000000000001, 0.88, 0.83999999999999997, 0.56000000000000005, 1.0, 0.80000000000000004, 0.88, 0.76000000000000001, 0.95999999999999996, 0.92000000000000004, 0.92000000000000004, 0.92000000000000004, 0.80000000000000004, 0.88, 0.83999999999999997, 0.92000000000000004, 0.88, 0.92000000000000004, 0.88, 0.92000000000000004, 0.95999999999999996, 0.83999999999999997, 0.92000000000000004, 0.92000000000000004, 0.76000000000000001, 0.92000000000000004, 1.0, 0.64000000000000001, 0.83999999999999997, 0.88, 1.0, 0.83999999999999997, 0.76000000000000001, 0.95999999999999996, 0.92000000000000004, 1.0, 0.83999999999999997, 0.80000000000000004, 1.0, 0.88, 0.83999999999999997, 0.92000000000000004, 0.95999999999999996, 0.88, 0.88, 0.92000000000000004, 1.0]
CROSS1MUT250,0.898918918919
[0.83999999999999997, 0.85999999999999999, 1.0, 0.83999999999999997, 0.90000000000000002, 0.95999999999999996, 0.92000000000000004, 0.90000000000000002, 0.92000000000000004, 0.90000000000000002, 0.93999999999999995, 0.95999999999999996, 0.90000000000000002, 0.88, 0.66000000000000003, 0.93999999999999995, 0.85999999999999999, 0.93999999999999995, 0.90000000000000002, 0.90000000000000002, 0.92000000000000004, 0.88, 0.97999999999999998, 0.97999999999999998, 0.93999999999999995, 0.81999999999999995, 0.92000000000000004, 0.68000000000000005, 0.85999999999999999, 0.92000000000000004, 0.95999999999999996, 0.88, 0.90000000000000002, 0.81999999999999995, 0.97999999999999998, 0.90000000000000002, 1.0]
CROSS1MUT2100,0.878888888889
[0.58999999999999997, 0.85999999999999999, 0.90000000000000002, 0.90000000000000002, 0.96999999999999997, 0.93000000000000005, 0.60999999999999999, 0.87, 0.91000000000000003, 0.91000000000000003, 0.93000000000000005, 0.93000000000000005, 0.89000000000000001, 0.90000000000000002, 0.93000000000000005, 0.81000000000000005, 0.97999999999999998, 1.0]
CROSS1MUT2125,0.89621978022
[0.86399999999999999, 0.94399999999999995, 0.92800000000000005, 0.96799999999999997, 0.78400000000000003, 0.88, 0.90400000000000003, 0.91200000000000003, 0.93600000000000005, 0.95999999999999996, 0.79200000000000004, 0.80800000000000005, 0.94399999999999995, 0.92307692307692313]
CROSS2MUT125,0.756266666667
[0.44, 0.83999999999999997, 0.47999999999999998, 0.71999999999999997, 0.83999999999999997, 0.71999999999999997, 0.47999999999999998, 0.71999999999999997, 0.40000000000000002, 0.92000000000000004, 0.76000000000000001, 0.83999999999999997, 0.52000000000000002, 0.76000000000000001, 0.83999999999999997, 0.83999999999999997, 0.68000000000000005, 1.0, 0.76000000000000001, 0.59999999999999998, 0.88, 0.56000000000000005, 0.92000000000000004, 1.0, 0.71999999999999997, 0.88, 0.64000000000000001, 0.83999999999999997, 0.80000000000000004, 0.92000000000000004, 0.64000000000000001, 0.44, 0.71999999999999997, 0.59999999999999998, 0.88, 0.80000000000000004, 0.64000000000000001, 0.92000000000000004, 0.92000000000000004, 1.0, 0.56000000000000005, 0.92000000000000004, 0.95999999999999996, 0.71999999999999997, 0.80000000000000004, 0.47999999999999998, 0.76000000000000001, 0.64000000000000001, 0.95999999999999996, 0.83999999999999997, 0.92000000000000004, 0.59999999999999998, 0.56000000000000005, 0.64000000000000001, 1.0, 0.88, 0.95999999999999996, 0.83999999999999997, 0.92000000000000004, 0.92000000000000004, 0.92000000000000004, 0.68000000000000005, 0.83999999999999997, 0.68000000000000005, 0.68000000000000005, 0.83999999999999997, 1.0, 0.68000000000000005, 0.71999999999999997, 0.56000000000000005, 0.76000000000000001, 0.64000000000000001, 0.52000000000000002, 0.44, 1.0]
CROSS2MUT150,0.730810810811
[0.46000000000000002, 0.81999999999999995, 0.69999999999999996, 0.57999999999999996, 0.76000000000000001, 0.69999999999999996, 0.92000000000000004, 0.85999999999999999, 0.73999999999999999, 0.73999999999999999, 0.73999999999999999, 0.76000000000000001, 0.57999999999999996, 0.69999999999999996, 0.68000000000000005, 0.92000000000000004, 0.73999999999999999, 0.59999999999999998, 0.83999999999999997, 0.88, 0.71999999999999997, 0.80000000000000004, 0.47999999999999998, 0.56000000000000005, 0.59999999999999998, 0.92000000000000004, 0.90000000000000002, 0.71999999999999997, 0.52000000000000002, 0.95999999999999996, 0.64000000000000001, 0.85999999999999999, 0.66000000000000003, 0.54000000000000004, 0.81999999999999995, 0.62, 1.0]
CROSS2MUT1100,0.818333333333
[0.87, 0.83999999999999997, 0.75, 0.93999999999999995, 0.98999999999999999, 0.64000000000000001, 0.56999999999999995, 0.87, 0.89000000000000001, 0.51000000000000001, 0.95999999999999996, 0.93000000000000005, 0.77000000000000002, 0.85999999999999999, 0.83999999999999997, 0.87, 0.63, 1.0]
CROSS2MUT1125,0.796527472527
[0.69599999999999995, 0.93600000000000005, 0.65600000000000003, 0.83999999999999997, 0.68000000000000005, 0.73599999999999999, 0.91200000000000003, 0.71199999999999997, 0.88800000000000001, 0.94399999999999995, 0.81599999999999995, 0.752, 0.96799999999999997, 0.61538461538461542]
CROSS2MUT225,0.789333333333
[0.56000000000000005, 0.64000000000000001, 0.71999999999999997, 0.68000000000000005, 0.71999999999999997, 1.0, 1.0, 0.95999999999999996, 0.80000000000000004, 0.80000000000000004, 0.68000000000000005, 0.88, 0.68000000000000005, 0.52000000000000002, 0.80000000000000004, 0.68000000000000005, 0.56000000000000005, 1.0, 0.76000000000000001, 0.64000000000000001, 0.88, 0.56000000000000005, 0.52000000000000002, 1.0, 0.83999999999999997, 0.83999999999999997, 0.64000000000000001, 0.80000000000000004, 0.64000000000000001, 1.0, 1.0, 0.44, 0.59999999999999998, 0.80000000000000004, 0.71999999999999997, 0.88, 0.95999999999999996, 0.92000000000000004, 0.92000000000000004, 0.95999999999999996, 0.64000000000000001, 0.80000000000000004, 0.95999999999999996, 0.92000000000000004, 0.76000000000000001, 0.83999999999999997, 0.80000000000000004, 0.92000000000000004, 0.88, 0.76000000000000001, 0.95999999999999996, 0.76000000000000001, 0.68000000000000005, 0.68000000000000005, 1.0, 0.64000000000000001, 0.83999999999999997, 0.83999999999999997, 1.0, 0.95999999999999996, 0.80000000000000004, 0.83999999999999997, 0.92000000000000004, 0.92000000000000004, 0.76000000000000001, 0.71999999999999997, 0.88, 0.59999999999999998, 0.68000000000000005, 0.56000000000000005, 0.71999999999999997, 0.83999999999999997, 0.64000000000000001, 0.68000000000000005, 1.0]
CROSS2MUT250,0.803783783784
[0.66000000000000003, 0.88, 0.97999999999999998, 0.66000000000000003, 0.73999999999999999, 0.64000000000000001, 0.92000000000000004, 0.83999999999999997, 0.80000000000000004, 0.92000000000000004, 0.95999999999999996, 0.73999999999999999, 0.81999999999999995, 0.69999999999999996, 0.62, 0.97999999999999998, 0.83999999999999997, 0.97999999999999998, 0.85999999999999999, 0.54000000000000004, 0.66000000000000003, 1.0, 0.73999999999999999, 0.83999999999999997, 0.95999999999999996, 0.68000000000000005, 0.90000000000000002, 0.76000000000000001, 0.80000000000000004, 0.83999999999999997, 0.73999999999999999, 0.78000000000000003, 0.90000000000000002, 0.80000000000000004, 0.68000000000000005, 0.57999999999999996, 1.0]
CROSS2MUT2100,0.817777777778
[0.66000000000000003, 0.72999999999999998, 0.71999999999999997, 0.93000000000000005, 0.88, 0.67000000000000004, 0.54000000000000004, 0.78000000000000003, 0.93999999999999995, 0.83999999999999997, 0.93000000000000005, 0.91000000000000003, 0.88, 0.65000000000000002, 0.93000000000000005, 0.82999999999999996, 0.90000000000000002, 1.0]
CROSS2MUT2125,0.860681318681
[0.66400000000000003, 0.95199999999999996, 0.94399999999999995, 0.88, 0.66400000000000003, 0.89600000000000002, 0.88800000000000001, 0.92800000000000005, 0.98399999999999999, 0.82399999999999995, 0.59199999999999997, 0.94399999999999995, 0.92800000000000005, 0.96153846153846156]
Comparison25:0.706666666667
[0.47999999999999998, 0.64000000000000001, 0.68000000000000005, 0.59999999999999998, 0.71999999999999997, 0.64000000000000001, 0.80000000000000004, 0.71999999999999997, 0.71999999999999997, 0.83999999999999997, 0.68000000000000005, 0.80000000000000004, 0.68000000000000005, 0.83999999999999997, 0.64000000000000001, 0.71999999999999997, 0.83999999999999997, 0.76000000000000001, 0.76000000000000001, 0.80000000000000004, 0.47999999999999998, 0.71999999999999997, 0.64000000000000001, 0.64000000000000001, 0.59999999999999998, 0.80000000000000004, 0.71999999999999997, 0.76000000000000001, 0.59999999999999998, 0.59999999999999998, 0.80000000000000004, 0.76000000000000001, 0.44, 0.76000000000000001, 0.76000000000000001, 0.83999999999999997, 0.68000000000000005, 0.80000000000000004, 0.64000000000000001, 0.64000000000000001, 0.71999999999999997, 0.68000000000000005, 0.76000000000000001, 0.71999999999999997, 0.76000000000000001, 0.64000000000000001, 0.76000000000000001, 0.71999999999999997, 0.80000000000000004, 0.80000000000000004, 0.64000000000000001, 0.80000000000000004, 0.76000000000000001, 0.71999999999999997, 0.76000000000000001, 0.83999999999999997, 0.68000000000000005, 0.76000000000000001, 0.71999999999999997, 0.68000000000000005, 0.40000000000000002, 0.56000000000000005, 0.80000000000000004, 0.64000000000000001, 0.88, 0.64000000000000001, 0.76000000000000001, 0.76000000000000001, 0.68000000000000005, 0.52000000000000002, 0.59999999999999998, 0.76000000000000001, 0.92000000000000004, 0.56000000000000005, 0.76000000000000001]
Comparison50:0.712972972973
[0.78000000000000003, 0.62, 0.68000000000000005, 0.66000000000000003, 0.76000000000000001, 0.73999999999999999, 0.73999999999999999, 0.78000000000000003, 0.76000000000000001, 0.62, 0.68000000000000005, 0.59999999999999998, 0.80000000000000004, 0.68000000000000005, 0.69999999999999996, 0.69999999999999996, 0.69999999999999996, 0.76000000000000001, 0.73999999999999999, 0.68000000000000005, 0.69999999999999996, 0.73999999999999999, 0.71999999999999997, 0.76000000000000001, 0.71999999999999997, 0.78000000000000003, 0.76000000000000001, 0.76000000000000001, 0.73999999999999999, 0.54000000000000004, 0.68000000000000005, 0.76000000000000001, 0.69999999999999996, 0.71999999999999997, 0.59999999999999998, 0.83999999999999997, 0.68000000000000005]
Comparison100:0.690555555556
[0.64000000000000001, 0.67000000000000004, 0.71999999999999997, 0.75, 0.64000000000000001, 0.66000000000000003, 0.68000000000000005, 0.63, 0.73999999999999999, 0.67000000000000004, 0.69999999999999996, 0.73999999999999999, 0.75, 0.75, 0.59999999999999998, 0.72999999999999998, 0.60999999999999999, 0.75]
Comparison125:0.685142857143
[0.70399999999999996, 0.67200000000000004, 0.71199999999999997, 0.60799999999999998, 0.67200000000000004, 0.64000000000000001, 0.752, 0.65600000000000003, 0.74399999999999999, 0.73599999999999999, 0.71199999999999997, 0.59999999999999998, 0.71199999999999997, 0.67200000000000004]
